 1 2 17 16 15 
 2 6 2630 17 1 
 3 2599 2630 2631 5 4 
 4 5 3 
 5 2631 3 4 
 6 2599 7 8 2630 2 17 
 7 6 8 
 8 7 10 6 2598 17 2629 
 9 10 11 2598 
 10 8 9 2598 
 11 9 12 2596 2598 2597 23 
 12 11 2595 43 2596 
 13 16 15 19 20 14 78 
 14 13 
 15 16 1 13 
 16 17 1 18 15 19 13 
 17 2 6 8 2629 1 16 18 
 18 2629 2597 17 16 19 24 
 19 18 16 24 20 13 25 21 
 20 19 21 13 78 79 
 21 25 20 19 28 79 92 114 
 22 2597 23 27 24 25 26 
 23 2597 11 2596 31 33 22 27 
 24 18 2597 22 19 25 
 25 22 24 19 21 26 28 
 26 22 27 25 28 29 
 27 22 23 33 26 35 29 
 28 26 25 21 29 114 115 
 29 35 27 26 28 115 
 30 34 32 40 33 35 41 118 
 31 23 2596 38 33 32 
 32 38 31 33 39 34 40 30 
 33 31 23 32 34 27 30 35 
 34 32 33 30 
 35 33 30 27 29 115 118 
 36 39 49 40 41 42 
 37 38 43 47 39 2594 
 38 31 2596 43 37 32 39 
 39 38 37 32 40 2594 49 36 
 40 39 32 30 36 41 
 41 40 30 36 42 118 
 42 36 49 41 157 118 
 43 12 2595 2596 38 37 
 44 2595 
 45 2627 76 
 46 52 56 53 55 
 47 37 2594 2628 
 48 2628 60 50 51 63 
 49 39 2594 36 50 42 157 158 
 50 49 2594 2628 48 51 158 
 51 48 50 63 52 177 
 52 51 63 57 56 46 53 
 53 52 46 54 55 
 54 53 55 173 
 55 54 53 46 236 
 56 58 57 239 52 46 
 57 63 52 58 56 
 58 63 64 66 56 57 239 240 
 59 2627 2626 76 2593 62 61 60 
 60 2593 48 59 61 63 
 61 62 59 60 63 65 
 62 76 2625 59 61 
 63 60 61 48 65 64 51 58 52 57 
 64 63 65 58 66 
 65 61 63 64 67 66 
 66 65 67 64 58 248 247 246 
 67 69 250 65 66 249 248 
 68 69 250 249 72 
 69 67 250 68 
 70 
 71 72 
 72 68 73 71 
 73 72 
 74 75 
 75 74 
 76 45 2627 59 2625 62 
 77 
 78 13 20 79 80 81 
 79 78 20 21 92 80 
 80 79 92 78 82 81 
 81 78 80 82 83 85 86 
 82 80 92 81 83 
 83 82 81 92 91 86 94 
 84 86 85 88 87 
 85 81 86 84 
 86 85 81 83 94 84 88 
 87 84 88 89 
 88 94 86 84 95 87 96 89 101 100 90 
 89 88 87 90 
 90 88 100 89 102 2139 
 91 92 93 83 94 
 92 79 21 114 80 113 82 91 93 83 
 93 92 113 91 111 94 97 
 94 86 83 91 93 97 95 88 
 95 94 97 96 88 
 96 95 97 98 101 88 
 97 94 93 111 95 107 96 98 108 99 
 98 97 99 96 101 
 99 98 97 108 101 
 100 101 88 90 104 102 
 101 96 98 99 104 100 88 
 102 100 90 2139 2140 104 
 103 104 109 129 135 105 
 104 101 108 109 103 105 100 102 136 2143 2140 
 105 104 103 135 136 
 106 107 110 124 125 127 108 109 128 
 107 97 111 110 106 108 
 108 106 107 97 109 99 104 
 109 106 108 128 104 103 129 
 110 111 112 124 107 106 
 111 113 116 112 93 110 97 107 
 112 111 116 121 122 110 124 
 113 114 115 116 92 93 111 
 114 92 21 28 115 113 
 115 29 35 114 28 118 116 119 113 
 116 115 119 113 121 111 112 
 117 118 119 157 156 121 120 
 118 115 35 30 41 42 157 119 117 
 119 115 118 116 117 121 
 120 121 117 156 122 154 123 
 121 116 119 117 120 112 122 
 122 112 121 120 124 123 
 123 124 122 120 154 151 125 
 124 112 122 123 110 106 125 
 125 123 151 106 124 150 127 126 
 126 127 125 150 128 149 147 130 
 127 106 125 126 128 
 128 127 106 126 109 129 130 
 129 103 109 128 130 135 131 134 
 130 129 128 126 147 145 131 
 131 129 130 145 144 134 132 
 132 131 134 144 142 141 133 
 133 135 134 136 132 137 
 134 135 129 131 132 133 
 135 103 129 105 134 136 133 
 136 105 135 104 2143 133 137 138 2147 2144 
 137 136 133 138 
 138 136 137 2147 2148 2149 
 139 141 140 
 140 141 192 194 139 
 141 142 132 140 139 
 142 132 144 143 193 141 192 
 143 145 148 189 144 193 142 
 144 145 143 131 132 142 
 145 130 147 148 143 131 144 
 146 150 152 166 149 167 148 147 
 147 149 126 146 148 130 145 
 148 146 167 168 147 187 145 189 143 
 149 150 146 126 147 
 150 125 151 152 146 126 149 
 151 154 152 123 125 150 
 152 153 154 151 166 150 146 
 153 154 156 155 162 152 164 166 
 154 120 156 153 123 152 151 
 155 156 157 158 160 162 153 
 156 157 117 155 120 154 153 
 157 42 49 118 158 156 117 155 
 158 49 157 50 160 155 
 159 162 161 163 
 160 158 177 161 155 162 
 161 177 160 162 159 
 162 160 161 159 155 153 164 163 
 163 164 162 159 171 165 
 164 153 162 163 166 165 
 165 164 163 171 166 167 169 168 170 
 166 164 153 152 165 146 167 
 167 165 166 168 146 148 
 168 167 165 170 184 148 187 
 169 171 172 181 182 170 165 
 170 169 182 185 184 165 168 
 171 163 174 172 165 169 
 172 171 174 173 180 181 169 
 173 175 54 174 180 172 
 174 176 175 173 171 172 
 175 176 174 173 
 176 177 175 174 
 177 160 161 51 176 
 178 228 180 227 179 217 183 
 179 181 180 178 183 182 
 180 173 172 178 181 179 
 181 180 172 179 169 182 
 182 169 181 179 170 183 185 
 183 178 179 217 182 218 185 
 184 170 185 168 186 187 
 185 170 182 184 183 218 216 186 
 186 184 185 187 216 188 190 
 187 168 184 148 186 188 189 
 188 187 186 190 189 191 196 193 
 189 148 187 188 143 193 
 190 188 186 216 2556 191 
 191 190 188 2556 196 201 
 192 193 196 195 197 142 194 140 
 193 143 189 188 196 192 142 
 194 192 197 140 
 195 196 201 202 192 197 198 
 196 188 193 191 201 195 192 
 197 192 195 194 198 
 198 197 195 202 199 
 199 204 198 202 200 
 200 199 
 201 196 191 2556 206 2555 195 202 
 202 201 2555 195 204 198 199 
 203 
 204 2555 205 202 199 
 205 206 209 210 2555 204 
 206 2556 209 201 205 2555 
 207 208 211 214 210 
 208 2556 216 207 209 210 
 209 208 2556 210 206 205 
 210 207 208 209 205 
 211 213 215 214 216 207 
 212 217 221 220 215 213 
 213 215 212 211 214 
 214 211 213 207 
 215 217 212 218 213 211 216 
 216 218 215 185 211 186 190 2556 208 
 217 227 178 221 183 212 218 215 
 218 217 183 215 185 216 
 219 220 226 223 222 
 220 221 226 219 212 
 221 217 227 226 220 212 
 222 223 219 
 223 224 229 226 230 231 222 219 
 224 225 235 229 226 223 
 225 228 236 235 224 227 226 
 226 224 225 223 227 221 220 219 
 227 228 178 225 217 226 221 
 228 236 178 225 227 
 229 235 224 232 223 230 
 230 229 223 231 
 231 223 230 
 232 235 234 241 229 233 
 233 232 
 234 240 246 238 235 245 241 232 
 235 238 237 234 236 225 224 232 229 
 236 237 55 235 228 225 
 237 238 236 235 
 238 239 240 237 234 235 
 239 56 58 240 238 
 240 239 58 246 234 238 
 241 234 245 242 232 
 242 241 245 243 244 
 243 247 245 244 242 
 244 243 242 
 245 234 246 247 243 241 242 
 246 66 247 240 234 245 
 247 66 248 246 243 245 
 248 67 249 66 247 
 249 67 250 68 248 
 250 67 69 249 68 
 251 2591 2632 
 252 
 253 
 254 255 256 
 255 254 257 256 259 264 
 256 255 254 264 263 
 257 255 259 
 258 259 264 261 262 
 259 257 255 264 258 
 260 261 262 
 261 258 262 260 
 262 258 264 261 265 260 
 263 256 264 265 
 264 256 255 259 263 258 265 262 
 265 264 263 262 
 266 267 268 
 267 266 268 270 
 268 266 267 270 
 269 270 271 272 
 270 267 268 271 269 
 271 270 269 272 
 272 269 280 271 279 
 273 275 286 296 274 
 274 275 276 273 
 275 276 286 274 273 
 276 285 286 275 274 
 277 279 278 285 
 278 277 279 282 283 285 
 279 272 280 282 277 278 
 280 272 279 282 281 
 281 280 282 283 290 288 
 282 280 281 279 278 283 
 283 282 281 278 288 285 
 284 285 288 286 287 
 285 277 278 288 283 284 276 286 
 286 285 276 284 275 287 296 273 
 287 284 289 288 286 294 296 
 288 283 281 290 285 284 289 287 
 289 288 290 287 291 295 294 
 290 281 288 289 291 292 
 291 290 292 289 295 293 
 292 290 291 293 
 293 291 292 295 300 301 
 294 287 289 295 296 297 300 302 303 
 295 289 291 294 293 300 
 296 287 286 294 273 297 298 
 297 296 294 298 303 299 
 298 297 296 299 
 299 298 297 
 300 295 293 294 302 301 
 301 300 293 302 
 302 294 300 303 301 
 303 294 297 302 
 304 
 305 306 320 319 308 314 315 
 306 307 321 320 305 
 307 338 982 321 306 
 308 305 315 309 
 309 308 315 312 311 310 
 310 309 311 
 311 312 309 310 
 312 309 315 311 313 
 313 314 315 312 316 
 314 305 319 315 323 313 328 316 
 315 308 305 314 309 312 313 
 316 313 314 328 329 
 317 318 319 323 324 326 
 318 320 319 317 
 319 305 320 318 314 317 323 
 320 306 321 305 319 318 
 321 307 338 306 320 
 322 324 326 
 323 319 317 314 328 326 327 
 324 317 326 322 
 325 326 327 332 333 
 326 317 324 323 327 322 325 
 327 328 323 326 325 330 
 328 323 314 316 327 330 329 
 329 316 328 330 334 
 330 328 327 329 333 334 
 331 
 332 325 333 335 
 333 325 330 332 334 335 
 334 329 330 333 335 
 335 333 332 334 
 336 338 337 346 342 
 337 338 984 336 342 
 338 307 321 982 983 984 337 336 
 339 984 342 988 995 341 340 994 
 340 341 339 344 343 
 341 342 346 339 340 344 
 342 336 337 984 346 339 341 
 343 344 340 345 
 344 346 347 341 340 343 345 
 345 346 347 344 343 
 346 336 342 347 345 341 344 
 347 346 345 344 
 348 
 349 350 351 
 350 349 997 352 351 
 351 349 350 352 355 
 352 350 351 997 1006 355 
 353 
 354 355 357 
 355 351 352 1006 354 357 356 
 356 355 1006 357 946 363 947 360 
 357 358 354 355 364 363 356 
 358 359 357 365 364 
 359 358 365 
 360 356 363 947 361 938 362 936 
 361 363 362 360 
 362 364 697 363 361 707 360 936 
 363 357 364 356 360 362 361 
 364 365 358 357 363 698 362 697 
 365 359 358 364 698 
 366 367 2557 
 367 366 2557 
 368 2557 
 369 370 530 529 528 
 370 371 369 
 371 2557 370 
 372 
 373 
 374 
 375 376 377 
 376 375 377 378 380 
 377 375 376 382 379 380 
 378 376 380 390 388 389 
 379 377 382 577 380 381 390 391 
 380 376 377 379 378 390 
 381 379 577 391 576 395 396 
 382 384 377 581 379 577 
 383 385 543 386 542 
 384 385 386 542 382 581 
 385 383 386 384 
 386 383 385 384 542 
 387 389 390 391 395 393 394 392 
 388 378 389 400 399 393 
 389 378 390 388 387 393 
 390 378 380 379 389 391 387 
 391 379 390 381 387 395 
 392 387 395 394 398 405 
 393 388 389 387 399 394 404 
 394 393 387 392 404 405 
 395 391 381 387 396 392 398 
 396 395 381 576 398 572 397 
 397 398 396 572 573 413 412 
 398 395 396 392 397 405 413 
 399 400 388 393 401 404 
 400 388 399 401 402 
 401 399 400 404 402 403 
 402 400 401 415 403 2570 
 403 401 404 402 2570 405 408 425 427 
 404 393 399 394 401 405 403 
 405 392 404 394 398 403 413 408 
 406 408 427 407 438 429 
 407 406 408 411 414 429 432 428 
 408 405 403 413 411 427 406 407 
 409 573 571 412 586 587 414 410 
 410 414 409 587 432 604 
 411 413 412 408 407 414 
 412 397 573 413 409 411 414 
 413 405 398 397 412 408 411 
 414 411 409 412 407 410 432 
 415 402 2570 418 416 
 416 415 2570 418 417 425 426 436 
 417 418 416 436 435 
 418 415 416 417 424 435 
 419 
 420 421 422 
 421 420 424 422 
 422 420 421 424 423 
 423 424 435 422 434 437 
 424 418 421 435 422 423 
 425 2570 403 416 427 426 
 426 416 425 436 427 438 440 
 427 425 403 408 406 426 438 
 428 429 407 432 430 433 431 
 429 406 407 438 428 430 
 430 438 429 439 428 446 431 452 448 
 431 428 433 430 451 452 
 432 407 414 410 604 428 433 608 607 
 433 428 432 431 607 451 
 434 435 436 441 423 437 443 442 
 435 417 418 424 436 423 434 
 436 417 416 426 435 440 441 434 
 437 423 434 442 
 438 426 427 406 429 440 430 439 
 439 440 438 430 446 
 440 436 426 441 438 439 446 
 441 436 440 434 446 443 
 442 434 437 443 444 458 
 443 441 434 446 442 445 444 
 444 442 443 445 447 458 459 
 445 443 446 444 447 
 446 441 440 439 443 430 445 448 447 
 447 446 448 445 444 449 450 459 456 
 448 430 452 446 447 449 453 
 449 447 448 450 453 468 462 
 450 447 449 462 456 
 451 433 607 431 465 452 466 453 454 
 452 430 431 451 448 453 
 453 451 454 452 448 468 449 
 454 453 451 466 465 720 468 469 471 
 455 459 456 460 463 457 
 456 459 447 450 462 455 463 
 457 460 455 463 500 464 499 
 458 442 444 459 460 
 459 458 444 447 456 455 460 
 460 459 455 458 492 493 457 496 500 
 461 462 468 467 463 
 462 450 449 468 456 461 463 
 463 456 462 461 455 457 464 
 464 463 457 499 
 465 607 451 609 721 466 720 454 
 466 451 465 454 
 467 468 461 470 
 468 454 453 449 462 469 461 467 470 
 469 454 471 468 470 
 470 468 469 471 467 
 471 454 720 469 472 470 
 472 471 720 725 
 473 
 474 475 476 477 
 475 474 478 477 
 476 474 477 518 519 
 477 475 478 480 474 476 519 483 482 
 478 475 492 479 477 480 
 479 478 492 480 494 481 
 480 477 478 479 481 483 
 481 494 479 480 495 483 488 497 
 482 519 477 483 520 486 489 
 483 480 477 481 482 488 487 489 
 484 525 486 485 510 526 511 509 
 485 486 489 491 484 510 
 486 482 520 489 485 525 484 
 487 483 488 489 
 488 481 483 497 487 490 489 
 489 483 487 486 482 488 490 485 508 491 
 490 488 497 503 489 508 
 491 489 508 485 510 516 
 492 478 460 493 479 494 
 493 492 460 496 494 495 
 494 479 492 493 481 495 
 495 493 496 481 494 500 497 501 504 
 496 493 460 500 495 
 497 481 495 488 504 490 503 
 498 500 499 501 
 499 500 457 464 498 
 500 460 457 496 499 498 501 495 
 501 500 498 495 504 
 502 
 503 497 504 490 505 508 
 504 495 497 501 503 
 505 503 508 507 506 
 506 507 516 505 515 
 507 508 505 506 516 
 508 489 490 491 503 505 507 516 
 509 484 510 511 514 512 
 510 485 491 484 516 509 513 514 
 511 526 484 509 527 512 
 512 509 511 514 517 
 513 516 510 515 514 
 514 509 510 513 512 517 
 515 516 506 513 
 516 508 491 510 507 506 515 513 
 517 512 514 
 518 476 519 520 522 
 519 476 477 518 482 520 
 520 519 518 522 482 486 523 525 
 521 522 523 524 
 522 518 520 523 521 
 523 522 520 525 521 524 
 524 521 523 525 526 
 525 520 523 486 484 524 526 
 526 525 524 484 511 527 
 527 526 511 
 528 369 529 531 532 
 529 369 530 528 544 532 
 530 369 529 544 
 531 539 528 532 535 
 532 531 528 529 544 551 557 535 534 536 
 533 
 534 535 532 582 536 585 
 535 541 539 531 532 534 538 582 
 536 532 557 553 534 585 537 582 
 537 536 553 582 554 566 
 538 542 541 535 582 581 
 539 531 540 541 535 
 540 543 539 541 
 541 543 540 539 542 535 538 
 542 543 383 541 386 538 384 581 
 543 540 383 541 542 
 544 548 547 530 529 545 532 551 
 545 544 547 550 551 
 546 679 547 681 550 
 547 544 548 545 546 550 
 548 544 547 
 549 550 551 557 552 553 555 556 
 550 545 547 546 551 549 681 552 
 551 544 545 532 557 550 549 
 552 549 550 681 556 687 559 
 553 557 549 536 555 537 554 
 554 553 555 556 537 566 559 561 562 
 555 553 549 556 554 
 556 549 555 552 554 559 
 557 532 551 549 536 553 
 558 559 687 628 560 627 
 559 556 552 687 558 554 561 560 
 560 559 561 558 627 598 
 561 554 559 560 562 563 598 
 562 566 554 561 568 563 597 
 563 562 561 597 598 
 564 565 567 568 596 570 2560 
 565 583 584 567 579 564 574 570 
 566 584 582 537 554 562 567 568 
 567 584 566 565 568 564 
 568 566 562 567 597 596 564 
 569 2560 596 597 571 570 590 586 
 570 565 574 564 2560 571 569 
 571 574 570 569 573 586 409 
 572 576 575 574 396 397 573 
 573 572 574 397 412 571 409 
 574 575 579 2561 572 565 570 571 573 
 575 577 578 576 2561 574 572 
 576 381 577 575 396 572 
 577 379 382 581 381 578 575 576 
 578 577 581 580 583 575 2561 
 579 2561 583 565 574 
 580 581 582 583 584 578 
 581 384 542 538 382 582 580 577 578 
 582 538 535 534 585 581 580 536 537 584 566 
 583 580 584 578 2561 579 565 
 584 583 580 582 566 567 565 
 585 582 534 536 
 586 571 569 590 409 591 587 
 587 409 586 591 588 410 603 604 
 588 587 591 594 593 603 
 589 590 591 595 592 594 593 
 590 597 595 569 586 591 589 
 591 586 590 589 594 587 588 
 592 595 601 589 593 599 614 612 
 593 589 592 594 588 614 
 594 591 589 593 588 
 595 597 598 602 590 601 589 592 
 596 568 597 564 2560 569 
 597 562 563 568 596 598 595 569 590 
 598 563 561 560 627 597 629 602 595 
 599 600 601 592 622 613 612 
 600 602 629 630 601 622 599 
 601 595 602 600 592 599 
 602 598 629 595 601 600 
 603 587 588 604 606 614 611 
 604 587 603 410 432 606 605 608 
 605 604 606 608 607 609 722 
 606 603 604 605 611 2568 722 
 607 608 605 432 433 609 451 465 
 608 432 604 605 607 
 609 607 605 722 465 721 
 610 
 611 603 614 612 735 606 727 2568 
 612 599 613 592 614 735 611 
 613 599 622 612 617 615 618 
 614 592 593 603 612 611 
 615 613 735 618 732 
 616 617 620 624 618 767 
 617 620 622 616 613 618 
 618 615 613 617 616 732 733 767 737 768 769 
 619 631 621 633 620 624 
 620 621 619 622 624 617 616 
 621 630 631 619 622 620 
 622 600 630 621 599 620 613 617 
 623 624 633 642 639 
 624 619 633 623 620 616 639 767 
 625 628 626 627 629 630 
 626 628 683 625 632 631 630 
 627 628 558 560 598 625 629 
 628 558 687 683 626 627 625 
 629 627 625 598 602 630 600 
 630 626 625 631 629 621 600 622 
 631 626 632 630 634 621 633 619 
 632 683 688 626 689 631 634 
 633 631 634 619 635 624 623 642 
 634 689 636 632 631 635 633 
 635 634 636 633 638 646 642 
 636 2584 704 634 637 638 635 
 637 704 705 636 950 638 646 648 
 638 636 637 646 635 
 639 623 642 643 624 767 644 775 
 640 644 645 776 779 2538 
 641 642 646 643 650 645 
 642 623 633 635 646 641 643 639 
 643 642 641 639 645 644 
 644 643 645 639 640 775 776 
 645 641 643 650 644 649 2538 640 
 646 638 637 648 635 642 641 650 
 647 648 651 650 654 655 652 656 
 648 637 950 646 651 650 647 
 649 650 645 652 2538 
 650 646 648 641 647 645 649 652 
 651 950 648 661 647 654 
 652 650 647 649 656 2538 792 653 
 653 652 656 665 792 795 
 654 651 661 647 2533 655 
 655 654 2533 647 656 657 
 656 647 655 652 657 653 665 
 657 2533 655 660 659 656 665 667 
 658 
 659 657 660 667 
 660 663 661 672 2533 657 659 668 667 
 661 651 950 953 663 662 654 2533 660 
 662 953 952 955 677 671 663 661 
 663 662 671 661 672 660 
 664 667 668 669 666 818 811 810 
 665 657 667 656 653 795 666 
 666 665 667 795 664 810 
 667 659 665 657 668 660 664 666 
 668 672 660 667 673 675 664 674 669 
 669 664 668 674 818 
 670 671 677 676 672 673 
 671 662 677 663 672 670 
 672 671 663 660 670 673 668 
 673 670 676 672 678 668 675 
 674 668 675 669 818 
 675 678 668 673 674 
 676 677 670 969 968 678 673 
 677 955 954 662 671 969 676 670 
 678 676 968 673 675 
 679 680 546 692 681 
 680 691 679 692 
 681 679 692 546 700 699 550 552 682 687 683 
 682 681 699 683 701 684 
 683 687 681 682 628 626 684 688 632 
 684 682 701 717 685 683 688 
 685 684 717 712 716 703 688 689 2584 
 686 
 687 552 681 683 559 558 628 
 688 683 684 632 685 689 
 689 688 685 632 2584 634 
 690 691 693 
 691 680 690 692 693 694 700 
 692 691 680 679 681 700 
 693 695 696 690 691 694 
 694 691 693 696 700 708 710 
 695 698 697 693 696 
 696 693 695 697 707 709 694 708 
 697 698 364 362 695 696 707 
 698 365 364 695 697 
 699 681 700 701 682 
 700 691 692 694 681 699 710 701 
 701 700 699 710 717 682 684 
 702 715 957 705 956 952 951 953 
 703 685 716 714 2584 
 704 714 705 2584 636 637 
 705 713 715 716 702 714 951 704 637 950 
 706 709 711 708 710 713 
 707 697 362 696 936 719 709 
 708 696 709 694 710 706 
 709 696 707 719 708 711 706 
 710 694 708 700 701 706 717 712 713 
 711 709 719 706 937 715 713 
 712 710 717 713 716 685 
 713 706 710 711 712 715 716 705 
 714 716 705 703 704 2584 
 715 711 937 957 713 705 702 
 716 712 713 705 685 703 714 
 717 701 710 712 684 685 
 718 947 946 938 948 941 939 
 719 707 936 709 937 711 
 720 721 722 465 723 454 471 725 472 
 721 609 465 722 720 
 722 605 606 2568 609 726 721 720 723 
 723 722 726 720 738 724 725 
 724 723 738 725 740 
 725 723 724 720 472 
 726 722 2568 727 728 723 738 
 727 611 735 2568 734 728 726 
 728 727 734 730 726 738 739 
 729 733 732 731 
 730 734 732 728 731 739 742 
 731 730 732 729 742 
 732 735 615 618 733 734 730 729 731 
 733 732 618 737 729 
 734 735 732 727 728 730 
 735 612 615 611 732 727 734 
 736 737 769 770 
 737 733 618 769 736 
 738 726 728 723 739 724 740 
 739 738 728 730 742 741 740 746 744 
 740 738 724 739 746 
 741 742 739 743 744 
 742 730 731 739 741 743 
 743 741 742 744 752 747 
 744 741 743 746 739 747 745 
 745 746 744 747 748 
 746 739 740 744 745 
 747 744 743 752 751 745 748 
 748 747 751 745 750 
 749 751 750 753 2567 
 750 748 751 749 
 751 747 752 748 750 753 749 
 752 743 747 751 753 
 753 752 751 749 757 2567 
 754 2567 757 755 
 755 754 757 761 
 756 757 761 758 
 757 753 2567 754 756 761 755 
 758 756 761 
 759 760 
 760 761 759 
 761 757 756 755 758 760 
 762 763 764 
 763 762 764 
 764 763 762 
 765 766 
 766 765 
 767 616 624 639 618 775 768 771 
 768 618 769 767 771 773 
 769 737 618 768 736 778 773 770 
 770 736 769 778 
 771 767 775 768 776 772 773 
 772 771 776 773 777 784 785 
 773 768 771 769 778 772 774 784 
 774 778 773 784 781 
 775 767 639 644 771 776 
 776 775 644 640 771 779 772 777 
 777 776 772 779 785 793 786 
 778 769 773 770 774 
 779 640 2538 776 793 777 
 780 789 781 788 782 
 781 774 784 789 780 
 782 780 788 2582 
 783 785 786 789 787 788 
 784 772 773 785 774 789 781 
 785 772 777 784 786 783 789 
 786 777 793 785 791 794 783 787 
 787 786 794 783 797 804 2577 788 2569 
 788 789 783 780 787 2569 782 2583 2582 
 789 785 783 784 781 780 788 
 790 1987 2014 2016 2018 2012 
 791 793 2538 792 786 794 
 792 2538 652 653 791 794 795 
 793 779 2538 791 777 786 
 794 786 791 792 795 796 787 797 
 795 792 653 794 665 666 796 810 798 
 796 794 797 795 798 804 
 797 794 796 787 804 
 798 795 810 796 804 799 802 
 799 798 810 809 802 806 
 800 2583 2577 850 2582 
 801 
 802 804 798 2577 799 803 806 807 
 803 2577 802 850 807 
 804 787 797 796 2577 798 802 
 805 806 808 823 821 807 822 
 806 799 802 809 807 808 805 
 807 803 806 802 850 849 821 805 853 819 
 808 809 815 806 823 805 
 809 799 810 812 816 806 815 808 
 810 795 666 798 664 811 812 799 809 
 811 664 818 813 810 812 
 812 810 811 813 809 816 
 813 811 818 814 812 816 817 
 814 813 818 817 
 815 809 816 808 830 823 829 
 816 813 817 812 809 815 828 830 
 817 813 814 816 858 828 
 818 669 664 674 811 813 814 
 819 807 821 853 820 824 
 820 819 821 824 833 831 
 821 807 805 819 820 832 831 
 822 805 823 
 823 808 815 829 805 822 
 824 853 819 820 833 825 
 825 833 824 836 837 
 826 
 827 837 
 828 817 858 816 830 859 
 829 823 815 830 
 830 828 816 815 829 
 831 833 820 821 832 836 
 832 821 831 836 
 833 820 831 824 825 836 
 834 835 838 840 
 835 836 837 834 
 836 825 833 837 831 832 835 
 837 825 836 827 835 
 838 834 
 839 840 842 841 
 840 842 834 839 
 841 842 839 
 842 840 839 841 
 843 
 844 
 845 
 846 
 847 848 
 848 847 
 849 850 851 807 853 852 
 850 800 2577 803 849 807 851 
 851 850 849 852 
 852 851 849 853 
 853 849 807 819 852 824 
 854 
 855 857 856 
 856 855 
 857 855 
 858 817 828 860 859 
 859 858 828 
 860 858 
 861 862 
 862 861 881 863 
 863 862 864 881 868 867 
 864 863 865 867 869 870 
 865 864 
 866 868 867 873 871 874 
 867 863 868 864 866 870 871 
 868 863 881 876 867 866 873 
 869 864 870 871 872 
 870 869 864 867 871 
 871 867 870 866 869 874 872 
 872 869 871 874 875 
 873 876 868 866 878 874 875 895 
 874 866 873 871 875 872 
 875 874 873 872 895 
 876 881 880 877 868 878 873 
 877 880 883 879 876 878 
 878 876 877 879 873 896 894 895 
 879 883 884 877 888 878 889 896 
 880 883 881 877 876 
 881 880 862 876 863 868 
 882 886 884 888 887 
 883 880 877 884 879 
 884 883 882 879 888 
 885 886 1099 887 1098 890 1109 1101 
 886 1096 1093 882 1099 887 885 
 887 886 882 885 888 890 891 
 888 884 882 887 879 891 889 
 889 879 888 891 896 893 899 
 890 885 887 1109 891 892 1110 
 891 888 887 890 889 893 892 
 892 893 891 890 1110 923 924 901 
 893 891 889 899 892 901 
 894 878 896 895 900 
 895 878 894 873 875 
 896 878 879 889 894 899 898 900 
 897 898 900 901 905 904 
 898 896 899 900 901 897 
 899 889 893 896 898 901 
 900 894 896 898 897 905 
 901 892 893 923 899 898 897 904 907 927 931 
 902 903 907 912 906 915 916 909 
 903 904 905 907 914 912 902 
 904 897 901 907 905 903 
 905 900 897 904 903 914 
 906 902 907 910 909 
 907 904 901 903 931 902 906 910 
 908 909 910 1156 911 921 922 
 909 916 902 906 918 910 908 
 910 931 907 906 909 1156 908 
 911 1156 908 922 1154 
 912 914 903 913 902 915 
 913 914 912 915 
 914 905 903 912 913 
 915 913 912 902 916 
 916 915 902 909 918 919 
 917 919 918 920 921 
 918 916 919 909 917 
 919 916 918 917 920 
 920 919 917 921 1756 
 921 917 920 908 1756 1757 922 
 922 921 908 911 1154 
 923 892 924 901 925 927 
 924 892 923 1110 925 
 925 924 1110 1118 923 928 1117 927 
 926 927 928 929 930 934 
 927 901 923 925 931 928 929 926 
 928 925 1117 927 926 1119 930 
 929 927 931 926 934 
 930 928 1119 926 934 1131 933 
 931 901 927 907 929 910 1156 934 1158 
 932 933 1131 1132 935 
 933 930 934 1131 932 935 
 934 926 930 929 933 931 1158 935 
 935 932 933 934 1158 1163 
 936 360 938 707 362 719 939 937 
 937 936 939 719 940 711 957 715 
 938 360 947 718 936 939 
 939 938 936 718 941 937 940 
 940 937 939 941 942 957 959 
 941 718 948 939 940 942 
 942 941 948 949 940 962 959 
 943 1007 999 1014 945 944 1015 1016 
 944 945 943 948 1016 949 
 945 1007 946 943 944 948 
 946 356 1006 1007 947 945 718 948 
 947 356 946 360 938 718 
 948 946 945 718 944 941 949 942 
 949 948 944 1016 942 962 
 950 637 705 951 953 648 651 661 
 951 705 702 953 950 
 952 702 956 955 953 662 
 953 951 702 952 950 662 661 
 954 955 960 969 677 
 955 957 959 956 960 954 952 677 662 
 956 957 955 702 952 
 957 940 937 959 715 956 955 702 
 958 959 962 960 961 
 959 940 942 957 962 958 955 960 
 960 959 958 955 954 961 969 
 961 958 962 963 960 971 969 
 962 1016 977 949 942 959 963 958 961 
 963 962 977 1018 978 961 974 971 972 
 964 965 966 967 
 965 970 973 964 
 966 964 967 
 967 966 964 
 968 969 970 676 678 
 969 954 960 961 971 677 970 676 968 
 970 969 971 968 973 965 
 971 961 963 972 969 970 973 
 972 971 963 974 973 
 973 974 972 975 971 976 970 965 
 974 963 978 980 975 972 973 
 975 974 980 973 979 976 
 976 975 979 973 
 977 1016 1017 962 1019 1018 963 
 978 1018 1019 963 980 974 
 979 980 1045 1046 975 976 1047 
 980 1019 978 1045 974 975 979 
 981 985 2588 987 993 990 991 
 982 307 2587 338 983 
 983 982 2587 338 984 
 984 983 338 337 2588 988 342 339 
 985 986 2589 981 2699 2700 987 
 986 2688 985 2699 
 987 985 2700 981 990 
 988 984 2588 339 993 995 
 989 993 992 991 1001 
 990 981 987 991 2700 1029 1028 1024 1027 
 991 993 981 990 989 1024 1001 1023 
 992 993 989 995 1004 1005 998 
 993 2588 988 981 991 995 992 989 
 994 339 2580 996 1003 
 995 988 339 993 2580 1004 992 
 996 994 997 1003 
 997 996 350 1003 352 1006 
 998 992 1005 1001 1000 1013 1009 
 999 1005 1000 1007 1014 1009 943 
 1000 998 1005 999 1009 
 1001 989 991 998 1023 1022 1013 
 1002 1079 1553 1552 1467 
 1003 994 2580 1004 996 1005 997 1006 1007 
 1004 995 2580 992 1003 1005 
 1005 1004 992 1003 998 1000 1007 999 
 1006 997 1003 352 355 1007 356 946 
 1007 1006 1003 1005 999 946 945 943 
 1008 1009 1013 1010 1011 
 1009 1000 998 1013 1008 999 1014 1010 
 1010 1009 1008 1014 1011 1015 
 1011 1008 1013 1010 1012 1015 1017 
 1012 1013 1025 1011 1017 1019 
 1013 998 1001 1022 1009 1008 1012 1020 1011 1025 
 1014 999 1009 943 1010 1015 
 1015 1010 1014 943 1011 1016 1017 
 1016 1015 943 944 1017 949 977 962 
 1017 1015 1011 1016 1012 1019 977 
 1018 977 1019 963 978 
 1019 1017 1012 1025 977 1018 1045 978 980 
 1020 1027 1028 1030 1022 1033 1013 1025 1021 
 1021 1020 1025 1033 1035 1037 
 1022 1023 1001 1013 1020 
 1023 1001 991 1024 1022 
 1024 991 990 1027 1023 
 1025 1013 1012 1020 1021 1037 1019 1039 1045 
 1026 2689 2685 2700 1058 1029 1031 1059 1042 
 1027 1024 990 1028 1020 
 1028 1029 990 1027 1031 1020 1030 
 1029 2700 1026 990 1028 1031 
 1030 1020 1028 1031 1032 1033 
 1031 1029 1028 1026 1030 1042 1032 
 1032 1030 1031 1042 1034 1033 
 1033 1020 1030 1032 1034 1021 1035 
 1034 1042 1032 1033 1035 1044 1043 
 1035 1033 1034 1021 1037 1043 
 1036 1040 1182 1041 
 1037 1021 1035 1043 1025 1038 1039 1040 
 1038 1037 1043 2610 1182 1040 
 1039 1025 1037 1045 1040 1046 1041 
 1040 1037 1038 1039 1182 1041 1036 
 1041 1039 1040 1046 1036 1050 1057 
 1042 1026 1031 1059 1032 1034 1060 1044 
 1043 1034 1044 1035 1037 1038 2610 
 1044 1034 1042 1043 1060 2610 1183 
 1045 1025 1039 1019 980 1046 979 
 1046 1045 1039 979 1041 1047 1050 
 1047 979 1046 1048 1050 
 1048 1047 1050 1049 1051 
 1049 1048 1051 1095 
 1050 1047 1046 1048 1041 1051 1057 1056 1055 
 1051 1048 1050 1049 1056 1095 1092 
 1052 1053 1091 1104 1103 
 1053 1057 1055 1052 1091 
 1054 1056 1055 1092 1091 
 1055 1050 1057 1056 1054 1053 1091 
 1056 1050 1055 1051 1054 1092 
 1057 1050 1041 1055 1053 
 1058 2685 1062 1026 1061 1059 
 1059 1058 1026 1061 1042 2611 1060 
 1060 1059 1042 2611 1044 1183 
 1061 1058 1062 2686 1059 1184 2611 
 1062 2682 2685 2690 1058 1066 1061 
 1063 2691 2646 2683 1077 1067 1064 
 1064 2683 2686 1063 1067 1184 2698 
 1065 2682 2613 2681 2646 2690 1066 2683 
 1066 2690 1062 1065 2683 2686 
 1067 1063 1077 1064 2698 1068 1469 
 1068 1067 2698 1469 1188 1187 2608 2679 1596 
 1069 2672 2671 2650 2644 2645 
 1070 2693 2657 2692 2701 2691 2656 1076 1077 
 1071 2667 2647 2668 2649 2672 2648 
 1072 2642 2640 2639 2641 
 1073 2622 2660 2663 2638 
 1074 2633 
 1075 2677 2676 1076 1077 1469 2678 1078 
 1076 2656 2677 1070 1077 1075 
 1077 1063 1070 1076 1067 1075 1469 
 1078 2676 1079 1075 2678 1465 1467 
 1079 2645 1081 2676 1078 1553 1002 1467 
 1080 2644 2669 2641 2696 2697 1084 
 1081 2645 2696 2697 1079 1553 
 1082 1083 1554 1622 
 1083 1084 2617 1554 1082 
 1084 2641 1080 2697 1085 1083 2617 
 1085 1084 2697 1553 2617 
 1086 1087 
 1087 1086 
 1088 
 1089 
 1090 1091 1093 1105 1104 1099 
 1091 1054 1055 1092 1053 1090 1052 1093 1104 
 1092 1051 1056 1095 1054 1094 1091 1096 1093 
 1093 1091 1096 1092 1090 886 1099 
 1094 1095 1092 1096 
 1095 1049 1051 1092 1094 
 1096 1094 1092 1093 886 
 1097 
 1098 1099 1105 885 1106 1100 1101 
 1099 1090 1105 1093 886 885 1098 
 1100 1098 1106 1101 1109 1112 
 1101 1098 1100 885 1109 
 1102 1104 1103 1106 1107 
 1103 1052 1104 1102 
 1104 1052 1091 1090 1103 1105 1102 1106 
 1105 1090 1099 1104 1098 1106 
 1106 1104 1105 1098 1102 1100 1107 1112 
 1107 1102 1106 1112 
 1108 1109 1112 1111 1123 
 1109 890 885 1101 1100 1112 1108 1110 
 1110 1109 890 892 924 1111 925 1118 
 1111 1108 1110 1123 1118 
 1112 1106 1107 1100 1109 1108 1113 1123 
 1113 1112 1123 1114 1124 
 1114 1113 1124 1115 1121 
 1115 1116 1114 1126 1121 
 1116 1205 1150 1149 1115 1126 
 1117 925 1118 928 1122 1120 1119 
 1118 1123 1111 1110 925 1122 1117 
 1119 1117 1120 928 930 1133 1131 
 1120 1117 1122 1119 1128 1133 
 1121 1124 1114 1115 1126 1125 
 1122 1118 1123 1124 1125 1128 1117 1120 
 1123 1113 1112 1108 1111 1124 1118 1122 
 1124 1113 1123 1114 1121 1122 1125 
 1125 1124 1121 1122 1128 1126 1129 
 1126 1115 1116 1149 1121 1125 1129 
 1127 1128 1129 1133 1134 1130 1137 
 1128 1122 1125 1129 1127 1120 1133 
 1129 1126 1125 1149 1148 1128 1127 1130 
 1130 1129 1148 1127 1140 1137 1139 
 1131 1119 1133 930 1134 933 932 1132 
 1132 1131 932 1134 1135 1136 
 1133 1120 1128 1127 1134 1119 1131 
 1134 1127 1133 1131 1137 1132 1135 
 1135 1137 1134 1132 1136 1139 1141 1138 
 1136 1135 1132 1138 
 1137 1134 1127 1130 1139 1135 
 1138 1135 1136 1141 
 1139 1137 1130 1140 1135 1143 1141 1142 
 1140 1130 1148 1139 1144 1143 
 1141 1135 1139 1138 1142 
 1142 1139 1143 1141 1145 
 1143 1140 1144 1139 1142 1145 
 1144 1148 1214 1140 1220 1143 1221 1145 1146 1222 
 1145 1143 1142 1144 1146 
 1146 1144 1145 1222 
 1147 1204 1150 1149 1206 1212 1148 
 1148 1149 1147 1129 1212 1130 1214 1140 1144 
 1149 1116 1150 1147 1126 1148 1129 
 1150 1205 1204 1116 1149 1147 
 1151 1153 1159 1152 1155 
 1152 1154 1153 1151 1155 
 1153 1156 1154 1160 1159 1152 1151 
 1154 1156 911 922 1153 1152 
 1155 1151 1159 1152 1161 1178 1179 
 1156 910 931 908 911 1158 1154 1160 1153 
 1157 1158 1163 1160 1164 1159 1161 
 1158 931 1156 934 935 1163 1160 1157 
 1159 1160 1157 1153 1151 1161 1155 
 1160 1156 1158 1157 1153 1159 
 1161 1164 1157 1159 2586 1155 1175 1173 1178 
 1162 
 1163 1158 935 1157 1164 
 1164 1163 1157 1165 2586 1167 1161 
 1165 1164 
 1166 1169 1170 1171 
 1167 1168 1169 1164 2586 
 1168 1167 1169 
 1169 1168 1167 1166 1170 2586 
 1170 1169 1166 1171 2586 1172 
 1171 1166 1170 1172 
 1172 1170 1171 2586 1174 
 1173 1161 1175 1178 1176 
 1174 2586 1172 1175 
 1175 1161 1174 2586 1173 
 1176 1178 1173 1180 1412 
 1177 
 1178 1155 1161 1173 1179 1176 1180 
 1179 1155 1178 1180 
 1180 1178 1176 1179 1412 
 1181 1184 2611 2606 2612 
 1182 1038 2610 1183 1040 1036 2702 1194 
 1183 1060 1044 2611 2610 2702 1182 
 1184 2686 1061 1064 2611 2698 1181 2606 1187 
 1185 1193 2612 2606 1186 1197 1189 
 1186 1188 1185 1595 1189 1190 1597 
 1187 2698 1184 2606 1068 1188 
 1188 1068 1187 1596 1595 1186 
 1189 1186 1185 1190 1197 1195 1202 1203 
 1190 1186 1189 1597 1203 1594 1208 1207 
 1191 1193 1192 1198 1196 
 1192 2702 1194 1191 1196 1205 
 1193 2702 2612 1185 1197 1191 1198 
 1194 1182 2702 1192 1205 
 1195 1197 1189 1202 1201 1199 
 1196 1192 1191 1205 1198 1204 1206 
 1197 1193 1185 1198 1189 1195 1199 
 1198 1193 1197 1191 1199 1196 1206 1200 
 1199 1198 1197 1195 1201 1200 
 1200 1198 1199 1201 1206 1207 1211 
 1201 1195 1202 1203 1199 1207 1200 
 1202 1189 1195 1201 1203 
 1203 1189 1202 1190 1201 1207 
 1204 1196 1205 1206 1150 1147 
 1205 1194 1192 1196 1204 1150 1116 
 1206 1196 1198 1204 1200 1211 1147 1212 
 1207 1203 1201 1190 1208 1200 1210 1211 
 1208 1190 1594 1207 1210 
 1209 1210 1216 1211 1213 1217 
 1210 1208 1207 1594 1211 1225 1223 1216 1209 
 1211 1206 1200 1207 1210 1212 1209 1213 
 1212 1206 1147 1211 1213 1148 1214 
 1213 1211 1209 1212 1217 1214 1215 
 1214 1212 1213 1148 1215 1144 1220 
 1215 1213 1217 1214 1219 1220 
 1216 1210 1223 1209 1218 1217 
 1217 1209 1213 1216 1218 1215 1219 
 1218 1223 1216 1230 1217 1232 1219 1228 
 1219 1217 1218 1215 1228 1221 
 1220 1144 1214 1215 1221 
 1221 1219 1220 1228 1289 1144 1222 
 1222 1221 1289 1144 1146 1288 
 1223 1210 1225 1216 1224 1218 1230 
 1224 1223 1225 1226 1230 1235 1229 1233 
 1225 1210 1594 1223 1226 1224 
 1226 1594 1225 1224 1592 1235 
 1227 1229 1232 1233 1234 1228 1231 
 1228 1218 1232 1219 1227 1231 1221 1289 
 1229 1230 1224 1232 1233 1227 
 1230 1223 1224 1218 1229 1232 
 1231 1227 1234 1267 1228 1265 1289 
 1232 1230 1218 1229 1227 1228 
 1233 1235 1224 1229 1227 1234 
 1234 1233 1227 1235 1237 1231 1267 
 1235 1226 1224 1233 1592 1238 1234 1237 
 1236 1237 1239 1268 1240 
 1237 1234 1235 1238 1239 1267 1236 1268 
 1238 1592 1235 1237 1239 1327 
 1239 1238 1237 1236 1327 1242 1240 
 1240 1239 1236 1268 1242 1270 1241 
 1241 1240 1242 1270 1243 1273 1275 
 1242 1239 1327 1244 1240 1241 1243 
 1243 1241 1242 1244 1246 1245 1273 1274 
 1244 1242 1327 1246 1243 
 1245 1246 1247 1248 1243 1274 1282 
 1246 1244 1327 1247 1245 1243 
 1247 1326 1246 1327 1250 1245 1248 
 1248 1245 1247 1250 1249 1282 
 1249 1248 1250 1253 1282 1251 1262 
 1250 1326 1247 1252 1248 1253 1249 
 1251 1253 1256 1249 1262 1261 
 1252 1326 1328 1329 1258 1255 1250 1253 
 1253 1250 1252 1255 1256 1251 1249 
 1254 1255 1258 1259 2566 1257 1256 
 1255 1252 1258 1254 1253 1256 
 1256 1253 1255 1251 1254 
 1257 1254 2566 1345 
 1258 1593 1329 1260 1252 1255 1259 1254 
 1259 1593 1260 1339 1258 1254 2566 
 1260 1593 1259 1258 
 1261 1251 1262 1305 
 1262 1249 1282 1251 1263 1261 1305 
 1263 1262 1282 1280 1305 
 1264 1266 1268 1269 
 1265 1231 1267 1289 1266 
 1266 1267 1268 1265 1264 1289 1290 1269 1294 
 1267 1231 1234 1237 1268 1265 1266 
 1268 1267 1237 1236 1240 1266 1270 1264 1269 
 1269 1268 1264 1270 1266 1271 1294 1295 
 1270 1268 1240 1241 1269 1275 1271 1272 
 1271 1269 1270 1295 1272 1276 1298 
 1272 1270 1275 1271 1276 
 1273 1241 1243 1274 1275 
 1274 1243 1273 1245 1275 1282 1281 
 1275 1270 1241 1273 1274 1272 1276 1281 1277 
 1276 1272 1275 1271 1278 1277 1298 
 1277 1275 1281 1280 1276 1278 1279 1285 
 1278 1276 1277 1298 1284 1285 
 1279 1280 1277 1305 1285 
 1280 1281 1277 1282 1263 1279 1305 
 1281 1274 1282 1275 1277 1280 
 1282 1245 1248 1274 1249 1281 1262 1263 1280 
 1283 1285 1287 1286 1306 1308 
 1284 1298 1278 1299 1285 1286 1300 
 1285 1278 1277 1284 1286 1279 1305 1283 1287 
 1286 1284 1285 1283 1300 1308 1302 
 1287 1285 1305 1283 1306 
 1288 1289 1290 1222 1293 
 1289 1221 1228 1231 1265 1290 1222 1288 1266 
 1290 1289 1288 1266 1294 1293 
 1291 1294 1292 1295 
 1292 1293 1294 1291 
 1293 1290 1288 1294 1292 
 1294 1266 1290 1269 1293 1292 1291 1295 
 1295 1294 1269 1291 1271 1296 1298 
 1296 1295 1298 1297 
 1297 1296 1298 1299 1301 
 1298 1271 1295 1276 1278 1284 1296 1297 1299 
 1299 1298 1284 1297 1300 1301 
 1300 1299 1284 1301 1286 1302 
 1301 1299 1297 1300 1302 1303 
 1302 1301 1300 1286 1303 1308 1315 1316 
 1303 1301 1302 
 1304 1308 1307 1313 1311 1312 1309 
 1305 1263 1262 1279 1280 1261 1285 1287 1306 
 1306 1287 1305 1283 1308 1307 
 1307 1308 1306 1304 
 1308 1306 1283 1286 1307 1302 1315 1313 1304 
 1309 1311 1304 1310 
 1310 1311 1309 1318 1319 
 1311 1313 1304 1314 1317 1309 1310 1318 
 1312 1304 
 1313 1315 1308 1314 1304 1311 
 1314 1315 1313 1316 1311 1317 
 1315 1308 1302 1313 1316 1314 
 1316 1302 1315 1314 1317 
 1317 1316 1314 1311 1318 
 1318 1317 1311 1310 1319 
 1319 1318 1310 
 1320 
 1321 1322 1323 1324 
 1322 1324 1323 1321 
 1323 1322 1324 1321 
 1324 1322 1323 1321 
 1325 
 1326 1592 1589 1327 1328 1247 1252 1250 
 1327 1592 1238 1239 1242 1326 1244 1246 1247 
 1328 1589 1326 1329 1252 
 1329 1589 1590 1593 1328 1252 1258 
 1330 1332 1331 
 1331 1337 1345 1332 1330 
 1332 1337 1333 1331 1330 1343 
 1333 1335 1337 1338 1332 1355 1348 1343 
 1334 1340 1342 1339 1335 1336 
 1335 1334 1340 1336 1338 1337 1333 
 1336 1334 1339 1335 1345 1337 
 1337 1336 1345 1335 1333 1332 1331 
 1338 1340 1602 1603 1356 1335 1360 2572 1355 1333 
 1339 1593 1341 1259 1342 2566 1334 1345 1336 
 1340 1602 1342 1334 1338 1335 
 1341 1590 1593 1602 1339 1342 
 1342 1341 1339 1602 1340 1334 
 1343 1332 1333 1348 1353 1344 
 1344 1353 1343 1354 1352 
 1345 1339 2566 1257 1336 1337 1331 
 1346 1347 1351 1353 
 1347 1348 1349 1350 1353 1351 1346 
 1348 1333 1355 1343 2572 1349 1353 1347 
 1349 2572 1360 1358 1348 1350 1347 
 1350 1349 1358 1347 1359 1351 1366 
 1351 1347 1350 1346 1366 1365 
 1352 1344 1354 1392 1389 
 1353 1348 1343 1347 1344 1346 1354 
 1354 1353 1344 1352 1392 
 1355 1338 2572 1333 1348 
 1356 1603 1372 1338 1360 1374 1357 
 1357 1356 1360 1374 1376 1358 1361 
 1358 1357 1361 1360 1349 1350 1359 
 1359 1358 1361 1362 1363 1350 1366 
 1360 1338 1356 2572 1357 1349 1358 
 1361 1357 1376 1358 1362 1359 
 1362 1361 1376 1375 1359 1377 1363 1378 1368 
 1363 1359 1362 1368 1366 
 1364 1368 1366 1367 1381 1382 
 1365 1351 1366 1367 
 1366 1359 1350 1363 1351 1368 1364 1365 1367 
 1367 1366 1364 1365 1382 
 1368 1378 1362 1363 1366 1364 1381 
 1369 1371 1372 1373 1370 1374 
 1370 1373 1369 1374 
 1371 1603 1502 1372 1373 1369 
 1372 1603 1371 1356 1369 1374 
 1373 1371 1502 1495 1369 1370 
 1374 1356 1372 1369 1370 1357 1376 
 1375 1376 1362 1377 
 1376 1374 1357 1361 1375 1362 
 1377 1375 1362 1378 1379 
 1378 1362 1377 1368 1379 1381 
 1379 1378 1377 1381 
 1380 1381 1382 1383 
 1381 1368 1378 1379 1364 1382 1380 
 1382 1364 1381 1380 1367 1383 
 1383 1382 1380 
 1384 1385 
 1385 1387 1390 1386 1384 
 1386 1387 1385 
 1387 2575 1390 1385 1386 
 1388 1389 2575 
 1389 1352 1392 1388 2575 
 1390 1391 2575 1387 1385 
 1391 1392 2575 1390 
 1392 1354 1352 1389 1391 2575 
 1393 1395 
 1394 1395 1426 1428 
 1395 1396 1393 1425 1394 1422 1428 
 1396 1397 1395 1425 
 1397 1396 1425 
 1398 1400 1408 1399 1410 
 1399 1398 1410 1403 
 1400 1401 1408 1398 
 1401 1406 1409 1408 1400 
 1402 
 1403 1399 1410 
 1404 
 1405 1407 1406 
 1406 1405 1407 1409 1401 
 1407 1405 1406 1409 
 1408 1409 1401 1400 1398 1410 
 1409 1406 1407 1401 1408 
 1410 1408 1398 1399 1403 
 1411 
 1412 1180 1176 
 1413 1414 1415 
 1414 1413 1415 1416 
 1415 1413 1414 1417 1416 
 1416 1417 1415 1414 1419 
 1417 1418 1415 1416 1419 
 1418 1417 1419 1420 
 1419 1417 1418 1416 1420 
 1420 1418 1419 
 1421 
 1422 1425 1395 1428 1429 1427 1424 1423 
 1423 1422 1424 1427 
 1424 1422 1429 1423 
 1425 1396 1397 1395 1429 1422 
 1426 1394 1428 1427 
 1427 1428 1422 1426 1423 
 1428 1394 1395 1422 1426 1427 
 1429 1425 1422 1424 
 1430 1432 1431 
 1431 1432 1436 1430 
 1432 1435 1434 1436 1431 1430 
 1433 1435 
 1434 1435 1432 1436 
 1435 1433 1432 1434 
 1436 1432 1434 1431 
 1437 
 1438 
 1439 
 1440 
 1441 
 1442 
 1443 
 1444 
 1445 1446 
 1446 1445 
 1447 
 1448 
 1449 
 1450 
 1451 
 1452 
 1453 1454 
 1454 2531 1453 2530 1560 2529 
 1455 1456 1457 
 1456 1455 
 1457 1455 
 1458 
 1459 
 1460 
 1461 
 1462 1463 
 1463 1462 
 1464 
 1465 1078 2678 1467 1468 2207 1466 
 1466 1465 2207 1468 1535 
 1467 1079 1078 1002 1465 1552 2207 1533 1534 
 1468 2608 2678 1465 2679 1466 1599 1488 1535 
 1469 1077 1075 1067 2678 1068 2608 
 1470 1474 1471 1518 1549 
 1471 1474 1477 1470 1475 1473 1549 1551 
 1472 1509 1542 1478 1476 1477 1474 
 1473 1475 1604 1471 1551 1607 
 1474 1472 1477 1478 1514 1470 1518 1471 
 1475 1477 2221 1544 1537 1605 1471 1604 1473 
 1476 1472 1542 1536 1543 1477 2221 
 1477 1476 1472 2221 1474 1475 1471 
 1478 1509 1472 1512 1514 1474 
 1479 1533 1555 1480 1620 1481 
 1480 1613 1533 1479 
 1481 1479 
 1482 1611 1483 1486 1484 
 1483 1546 1607 1611 1548 1482 1486 
 1484 1486 1482 1487 
 1485 2562 
 1486 1483 1548 1482 1550 1484 1487 1494 
 1487 1484 1486 1494 
 1488 1468 1535 1599 1600 2607 1556 1490 1557 
 1489 1490 1492 1557 1559 1582 1562 1579 
 1490 1535 1488 1557 1491 1492 1489 
 1491 1535 1532 1561 1490 1492 
 1492 1491 1561 1490 2062 1489 1559 
 1493 1500 1504 1501 1497 1496 1498 
 1494 1486 1550 1497 1487 
 1495 1502 1504 1501 1373 
 1496 1493 1497 
 1497 1550 1494 1500 1493 1496 
 1498 1493 
 1499 
 1500 1527 1550 1530 1504 1497 1493 
 1501 1504 1493 1495 
 1502 1505 1503 1506 1601 1603 1504 1371 1495 1373 
 1503 1526 1530 1507 1505 1504 1502 
 1504 1530 1503 1500 1493 1501 1502 1495 
 1505 1577 1507 1585 1506 1503 1502 
 1506 1601 1585 1505 1502 
 1507 1577 1505 1529 1526 1503 
 1508 1515 1614 1509 1511 1510 1512 1513 1514 
 1509 1508 1614 1564 1542 1512 1478 1472 
 1510 1575 1511 1508 2062 1513 
 1511 1574 1515 1575 1510 1508 
 1512 1508 1509 1514 1478 
 1513 1510 1508 2062 1514 1523 1517 
 1514 1513 1508 1512 1478 1517 1516 1474 1518 
 1515 1574 1614 1511 1508 
 1516 1514 1517 1518 1519 1522 1520 1528 
 1517 1523 1513 1514 1516 1519 
 1518 1514 1516 1474 1522 1470 1549 
 1519 1523 1517 1520 1516 
 1520 1523 1521 1519 1516 1525 1528 
 1521 1523 1581 1520 1577 1525 1529 
 1522 1516 1518 1549 1528 1545 
 1523 2062 1513 1562 1517 1581 1521 1519 1520 
 1524 1528 1525 1529 1545 1547 1526 1527 
 1525 1521 1520 1529 1528 1524 
 1526 1524 1529 1527 1530 1507 1503 
 1527 1524 1526 1530 1547 1550 1500 
 1528 1520 1522 1516 1525 1524 1545 
 1529 1521 1525 1577 1524 1507 1526 
 1530 1526 1527 1503 1504 1500 
 1531 
 1532 2207 1534 1535 1616 1576 1572 1491 1561 
 1533 1552 1467 1534 1555 1613 1479 1480 
 1534 1467 1533 2207 1613 1532 1616 
 1535 1488 1468 1466 2207 1532 1491 1490 
 1536 1542 1476 1543 
 1537 1544 1541 1539 1475 1605 
 1538 1539 1540 1606 
 1539 1537 1540 1538 1605 1606 
 1540 1541 1539 1538 
 1541 1543 1544 1537 1540 
 1542 1571 1564 1568 1509 1536 1472 1476 
 1543 1536 1476 1541 2221 1544 
 1544 1543 1541 2221 1537 1475 
 1545 1522 1549 1528 1551 1524 1547 1548 
 1546 1551 1607 1483 1548 
 1547 1545 1524 1548 1550 1527 
 1548 1545 1551 1546 1483 1547 1550 1486 
 1549 1470 1471 1518 1522 1551 1545 
 1550 1548 1547 1486 1527 1500 1494 1497 
 1551 1473 1471 1549 1607 1546 1545 1548 
 1552 1553 1002 1554 1533 1467 1555 
 1553 1081 1079 2697 1085 1002 1552 2617 1554 
 1554 2617 1083 1553 1552 1555 1082 1622 
 1555 1552 1554 1533 1479 1622 1623 1620 
 1556 2607 1488 1557 1558 
 1557 1488 1556 1490 1558 1489 1582 
 1558 2607 1556 1557 1591 1582 1586 1588 
 1559 1492 2062 1489 1562 
 1560 1454 2529 
 1561 1532 1572 1573 1491 1492 1575 2062 
 1562 1489 1559 2062 1523 1579 1581 
 1563 1617 1570 1615 1614 1567 1568 1564 
 1564 1614 1563 1568 1509 1542 
 1565 1569 1567 1566 1571 
 1566 1565 
 1567 1570 1563 1565 1568 1571 
 1568 1563 1567 1571 1564 1542 
 1569 1565 
 1570 1617 1563 1567 
 1571 1568 1567 1565 1542 
 1572 1532 1576 1561 1618 1573 1574 1614 
 1573 1561 1572 1574 1575 
 1574 1572 1614 1573 1515 1575 1511 
 1575 1573 1574 1561 2062 1511 1510 
 1576 1532 1616 1572 1612 1618 
 1577 1583 1584 1581 1521 1580 1585 1505 1529 1507 
 1578 1584 1582 1586 1580 
 1579 1489 1562 1582 1581 1584 1583 
 1580 1586 1578 1584 1577 1585 
 1581 1579 1562 1583 1523 1521 1577 
 1582 1558 1557 1489 1586 1579 1584 1578 
 1583 1579 1581 1584 1577 
 1584 1582 1579 1578 1583 1577 1580 
 1585 1580 1577 1586 1505 1601 1602 1506 
 1586 1558 1582 1588 1578 1580 1585 1602 
 1587 1588 1589 1590 
 1588 1558 1591 1586 1589 1587 1590 1602 
 1589 1591 1588 1592 1587 1590 1326 1329 1328 
 1590 1587 1588 1593 1589 1341 1602 1329 
 1591 1598 2607 1558 1594 1592 1588 1589 
 1592 1594 1591 1226 1235 1589 1238 1327 1326 
 1593 1590 1341 1260 1329 1339 1258 1259 
 1594 1190 1597 1598 1208 1210 1225 1226 1591 1592 
 1595 1188 1596 1600 1186 1597 
 1596 1068 2679 1188 1595 1600 1599 
 1597 1595 1600 1186 1190 1598 2607 1594 
 1598 1597 2607 1594 1591 
 1599 1596 2679 1600 1468 1488 
 1600 1596 1595 1599 1597 2607 1488 
 1601 1585 1506 1602 1603 1502 
 1602 1586 1588 1590 1341 1585 1601 1342 1603 1340 1338 
 1603 1601 1502 1602 1371 1372 1356 1338 
 1604 1605 1606 1475 1473 1609 1607 
 1605 1537 1475 1539 1606 1604 
 1606 1539 1538 1605 1604 
 1607 1604 1609 1473 1551 1610 1546 1611 1483 
 1608 1609 1610 
 1609 1608 1604 1607 1610 
 1610 1608 1609 1607 1611 
 1611 1607 1610 1483 1482 
 1612 1616 1576 1618 1617 1615 
 1613 1533 1534 1480 1616 
 1614 1618 1572 1615 1574 1563 1515 1564 1508 1509 
 1615 1612 1617 1618 1614 1563 
 1616 1534 1613 1532 1576 1612 1617 
 1617 1616 1612 1615 1570 1563 
 1618 1572 1576 1612 1615 1614 
 1619 1620 1621 1629 1625 1627 
 1620 1555 1623 1479 1621 1619 
 1621 1623 1620 1619 1629 
 1622 1554 1082 1555 1623 
 1623 1555 1622 1620 1621 
 1624 1630 1625 1628 1631 1636 
 1625 1619 1629 1627 1626 1630 1624 1628 
 1626 1627 1625 
 1627 1619 1625 1626 
 1628 1625 1624 1636 
 1629 1621 1619 1625 1630 
 1630 1629 1625 1624 1631 
 1631 1630 1624 1636 1634 1633 
 1632 1635 1633 1634 
 1633 1634 1631 1636 1635 1632 
 1634 1631 1633 1632 
 1635 1636 1633 1632 
 1636 1631 1624 1628 1633 1635 
 1637 
 1638 1641 1639 1640 
 1639 1641 1659 1638 
 1640 1641 1638 
 1641 1659 1639 1638 1640 
 1642 1643 1644 
 1643 1644 1642 
 1644 1643 1642 
 1645 1673 1669 1677 1674 1648 
 1646 1648 1675 1647 
 1647 1646 1675 1657 
 1648 1646 1645 1677 1675 
 1649 1652 1653 1650 1651 
 1650 1653 1649 
 1651 1649 1676 1652 
 1652 1674 1653 1677 1676 1649 1651 
 1653 1674 1669 1652 1650 1649 
 1654 
 1655 1657 1659 1658 1656 
 1656 1655 1658 
 1657 1647 1675 1659 1658 1655 
 1658 1675 1657 1655 1656 
 1659 1641 1657 1639 1655 
 1660 1661 1664 
 1661 1660 1664 
 1662 1664 1663 
 1663 1664 1662 
 1664 1660 1661 1663 1662 
 1665 1666 1667 
 1666 1667 1665 
 1667 1666 1665 
 1668 1670 1671 1673 1669 
 1669 1673 1668 1645 1674 1653 
 1670 1672 1671 1668 
 1671 1672 1670 1673 1668 
 1672 1671 1670 
 1673 1671 1668 1645 1669 
 1674 1669 1645 1653 1677 1652 
 1675 1648 1677 1646 1647 1657 1658 1676 
 1676 1677 1652 1651 1675 
 1677 1645 1648 1674 1675 1676 1652 
 1678 
 1679 
 1680 1682 1681 1683 1698 
 1681 1686 1687 1685 1688 1683 1682 1680 
 1682 1685 1681 1680 1692 1698 
 1683 1688 1681 1684 1680 1697 1698 
 1684 1689 1705 1688 1683 1715 1697 
 1685 1686 1681 1682 1691 1692 
 1686 1687 1685 1681 
 1687 1686 1688 1681 
 1688 1687 1689 1683 1681 1684 
 1689 1688 1684 
 1690 2563 1691 1692 1698 1693 1699 1694 
 1691 1685 1692 2563 1690 
 1692 1685 1682 1691 1690 1698 
 1693 2563 1690 1694 
 1694 1699 1690 1693 1695 1696 
 1695 1694 
 1696 1699 1716 1694 1773 
 1697 1684 1715 1683 1698 1714 
 1698 1680 1683 1682 1697 1692 1690 1699 1714 1716 
 1699 1690 1698 1694 1716 1696 
 1700 1701 1706 1703 1702 
 1701 1709 1700 1702 1708 
 1702 1701 1708 1700 1703 1713 1710 
 1703 1706 1700 1702 1713 1707 
 1704 1706 1707 1705 
 1705 1704 1684 1707 1715 
 1706 1700 1703 1704 1707 
 1707 1704 1706 1703 1713 1705 1715 
 1708 1702 1701 1709 1726 1727 1710 
 1709 1701 1726 1708 
 1710 1708 1702 1727 1713 1712 
 1711 1713 1712 1720 1719 
 1712 1710 1711 1713 1729 1719 
 1713 1703 1702 1710 1707 1715 1711 1712 1720 
 1714 1715 1720 1697 1698 1716 1717 
 1715 1707 1713 1705 1684 1697 1720 1714 
 1716 1698 1714 1699 1717 1696 1773 1782 
 1717 1714 1716 1720 1718 1782 1722 1806 
 1718 1720 1719 1724 1717 1722 
 1719 1711 1712 1729 1720 1744 1718 1743 1724 
 1720 1713 1711 1715 1714 1719 1718 1717 
 1721 1743 1724 1741 1814 1722 1813 1807 
 1722 1718 1717 1724 1806 1721 1807 
 1723 2204 2206 
 1724 1718 1719 1743 1722 1721 
 1725 1726 1727 1728 
 1726 1725 1709 1727 1708 
 1727 1726 1725 1708 1728 1710 1730 1729 
 1728 1725 1727 1730 
 1729 1727 1730 1712 1719 1744 
 1730 1727 1728 1729 1731 1744 
 1731 1730 1733 1732 1744 
 1732 1731 1733 1744 1740 1742 
 1733 1731 1732 1734 1740 
 1734 1733 1740 1735 
 1735 1736 1738 1740 1734 
 1736 1735 1737 1738 
 1737 1736 1753 1754 1738 
 1738 1736 1735 1737 1740 1754 1758 1739 
 1739 1740 1738 1758 1741 2585 
 1740 1734 1733 1732 1738 1735 1742 1741 1739 
 1741 1742 1740 1739 1743 2585 1721 1814 1825 
 1742 1744 1732 1740 1743 1741 
 1743 1719 1744 1742 1724 1741 1721 
 1744 1730 1731 1732 1729 1742 1719 1743 
 1745 1748 1749 1747 1750 1763 
 1746 1751 1747 1748 1755 1749 
 1747 1746 1748 1751 1750 1745 1759 
 1748 1747 1746 1749 1745 
 1749 1748 1755 1746 1745 1763 1772 
 1750 1747 1745 1759 1765 1763 
 1751 1746 1747 1752 1759 
 1752 1753 1754 1751 1759 
 1753 1737 1754 1752 
 1754 1737 1753 1752 1759 1738 1758 
 1755 1746 1756 1749 1772 
 1756 920 1755 921 1757 
 1757 1756 921 
 1758 1738 1754 1759 1739 1760 1761 2564 
 1759 1752 1754 1751 1747 1750 1765 1758 1760 
 1760 1759 1765 1762 1758 1767 1761 
 1761 1760 1767 1758 1766 2564 1835 
 1762 1765 1764 1760 2559 1767 
 1763 1745 1749 1772 1750 1765 1764 
 1764 1765 1763 1772 1762 2559 
 1765 1759 1750 1763 1764 1760 1762 
 1766 1767 1768 1761 1835 1771 1836 1834 
 1767 1769 1762 2559 1760 1761 1768 1766 
 1768 1769 1770 1771 1767 1766 
 1769 1770 2559 1767 1768 
 1770 1772 2559 1769 1768 1771 
 1771 1770 1768 1834 1766 
 1772 1755 1749 1763 1764 1770 2559 
 1773 1696 1716 1782 1774 
 1774 1773 1782 1775 1779 
 1775 1774 1779 1777 1776 
 1776 1775 1777 1784 1789 
 1777 1775 1779 1776 1789 1778 
 1778 1777 1779 1780 1789 1790 1795 1791 
 1779 1782 1775 1774 1781 1780 1777 1778 
 1780 1779 1781 1778 1795 1796 
 1781 1782 1806 1779 2609 1780 1803 1801 1796 
 1782 1716 1773 1717 1774 1806 1781 1779 
 1783 2573 
 1784 1776 1789 1786 2573 
 1785 1788 1792 1791 1793 
 1786 1784 1789 2573 1790 1787 1788 
 1787 2573 1786 1788 
 1788 1787 1786 1790 2573 1791 1785 
 1789 1777 1776 1784 1778 1786 1790 
 1790 1789 1778 1786 1791 1788 
 1791 1790 1778 1795 1788 1785 1793 1880 
 1792 1785 1793 1878 1877 
 1793 1792 1785 1791 1878 1880 
 1794 1797 1801 1800 1799 1798 1881 1882 
 1795 1780 1778 1796 1791 1797 1880 1881 
 1796 1780 1781 1801 1795 1797 
 1797 1796 1801 1794 1795 1881 
 1798 1794 1799 1882 1900 
 1799 1804 1802 1800 1902 1794 1798 1906 1900 1898 
 1800 1801 1802 1799 1794 
 1801 1781 1803 1802 1796 1800 1797 1794 
 1802 1803 1801 1804 1800 1799 
 1803 2609 1805 1781 1804 1801 1802 
 1804 1805 1803 1802 1903 1902 1799 
 1805 2609 1807 1803 1804 1808 1903 1809 
 1806 1782 1717 1781 1722 1807 2609 
 1807 1806 1722 2609 1721 1813 1805 1810 1808 
 1808 1807 1810 1805 1809 
 1809 1805 1808 1903 1904 1810 1921 1922 
 1810 1813 1807 1811 1808 1948 1946 1809 1921 
 1811 1813 1812 1810 1815 1948 1947 
 1812 1814 1813 1817 1811 1815 
 1813 1721 1814 1812 1807 1811 1810 
 1814 1721 1741 1825 1813 1812 1817 
 1815 1817 1812 1811 1816 1952 1949 1947 
 1816 1815 1817 1824 1951 1952 
 1817 1814 1825 1812 1824 1815 1816 
 1818 1824 1821 1964 1823 1820 1822 
 1819 1964 1820 1967 1963 
 1820 1818 1964 1819 1822 1971 1968 1967 
 1821 1826 1825 1842 1824 1823 1818 
 1822 1842 1823 1841 1971 1818 1820 
 1823 1821 1842 1818 1822 
 1824 1817 1825 1821 1816 1818 
 1825 1741 2585 1814 1826 1817 1824 1821 
 1826 2585 1825 1842 1821 
 1827 1837 1838 1828 1831 
 1828 1827 1837 1829 1830 1831 
 1829 1837 1836 1850 1828 1830 1854 
 1830 1829 1828 1831 1854 1863 1832 
 1831 1827 1838 1828 1830 1840 1832 
 1832 1831 1830 1840 1863 1844 1862 
 1833 1836 1834 1849 
 1834 1771 1766 1836 1833 
 1835 1766 2564 1761 1836 1837 1838 
 1836 1835 1766 1834 1833 1837 1829 1849 1850 
 1837 1835 1836 1829 1838 1827 1828 
 1838 1837 1835 1842 2564 1827 1839 1831 1840 
 1839 1838 1842 1841 1840 1843 
 1840 1839 1838 1831 1832 1844 1843 
 1841 1842 1839 1822 1971 1843 
 1842 2585 2564 1826 1838 1821 1839 1841 1823 1822 
 1843 1841 1839 1971 1840 1844 1969 1845 
 1844 1840 1832 1843 1862 1847 1845 1846 
 1845 1843 1844 1969 1846 1998 
 1846 1844 1845 1847 1998 2022 2021 
 1847 1844 1862 1846 1864 2026 2022 
 1848 1849 1850 1856 1851 
 1849 1833 1836 1850 1848 1851 
 1850 1849 1836 1829 1848 1856 1852 1854 
 1851 1849 1848 1858 1875 
 1852 1850 1854 1856 1857 1853 
 1853 1857 1858 1852 1855 1865 1859 
 1854 1829 1850 1852 1830 1855 1863 
 1855 1854 1853 1863 1859 
 1856 1850 1848 1858 1852 1857 
 1857 1856 1852 1858 1853 
 1858 1856 1851 1857 1875 1853 1865 
 1859 1853 1865 1855 1863 1862 1861 1860 
 1860 1859 1861 1862 1864 
 1861 1865 1859 1867 1860 1866 1864 
 1862 1863 1859 1844 1832 1860 1847 1864 
 1863 1854 1830 1855 1832 1859 1862 
 1864 1860 1861 1866 1862 1847 2026 2025 2031 1870 
 1865 1853 1858 1875 1859 1874 1873 1867 1861 
 1866 1861 1867 1864 1869 1870 
 1867 1865 1873 1861 1866 1872 1871 1869 
 1868 1869 1871 1870 
 1869 1866 1867 1871 1870 1868 
 1870 1866 1869 1864 2031 1868 2032 2030 
 1871 1872 1867 1869 1868 
 1872 1873 1871 1867 
 1873 1872 1874 1865 1867 
 1874 1875 1865 1873 
 1875 1851 1858 1874 1865 
 1876 
 1877 1792 1878 1879 
 1878 1792 1793 1880 1877 1879 
 1879 1878 1880 1877 1885 1884 
 1880 1878 1793 1791 1795 1881 1879 1882 1885 
 1881 1797 1794 1795 1880 1882 
 1882 1881 1794 1798 1880 1900 1885 1883 1886 
 1883 1882 1900 1886 1889 1896 1890 
 1884 1879 1885 1886 1887 1889 
 1885 1880 1882 1879 1884 1886 
 1886 1885 1883 1882 1884 1889 
 1887 1884 1889 1890 1891 1888 
 1888 1887 1891 1893 
 1889 1886 1883 1890 1884 1887 
 1890 1883 1896 1889 1887 1891 
 1891 1890 1896 1887 1893 1888 
 1892 1895 1897 1894 1893 
 1893 1896 1891 1895 1892 1888 
 1894 1910 1897 1892 1909 
 1895 1898 1897 1896 1900 1892 1893 
 1896 1883 1900 1895 1890 1891 1893 
 1897 1898 1899 1895 1911 1910 1892 1894 
 1898 1799 1906 1900 1905 1899 1895 1897 
 1899 1905 1898 1912 1911 1897 
 1900 1798 1799 1898 1882 1883 1896 1895 
 1901 1902 1903 1904 1905 1916 1918 1912 1913 
 1902 1804 1903 1901 1799 1906 1905 
 1903 1804 1805 1809 1902 1904 1901 
 1904 1903 1809 1901 1922 1918 
 1905 1902 1906 1901 1912 1899 1898 
 1906 1902 1799 1905 1898 
 1907 1915 1914 1910 1908 
 1908 1910 1907 1909 
 1909 1910 1894 1908 
 1910 1911 1897 1907 1894 1908 1909 
 1911 1912 1899 1913 1910 1897 
 1912 1905 1901 1913 1899 1911 
 1913 1901 1916 1912 1911 
 1914 1917 1920 1919 1915 1907 
 1915 1916 1918 1917 1914 1907 
 1916 1901 1918 1913 1915 
 1917 1922 1918 1920 1915 1914 
 1918 1901 1916 1904 1922 1915 1917 
 1919 1924 1920 1914 1923 
 1920 1921 1938 1922 1917 1925 1924 1919 1914 
 1921 1809 1810 1922 1946 1938 1920 
 1922 1809 1921 1904 1918 1917 1920 
 1923 1924 1926 1928 1919 
 1924 1920 1925 1919 1926 1923 
 1925 1927 1938 1920 1929 1924 1926 
 1926 1925 1929 1924 1923 1928 
 1927 1938 1940 1925 1929 
 1928 1929 1930 1933 1923 1926 1931 
 1929 1940 1927 1930 1925 1926 1928 
 1930 1929 1940 1941 1936 1928 1935 1933 
 1931 1928 1933 1932 
 1932 1933 1931 1934 
 1933 1930 1935 1928 1931 1932 1934 
 1934 1936 1935 1961 1933 1957 1932 
 1935 1936 1930 1933 1934 
 1936 1930 1941 1937 1943 1935 1961 1934 
 1937 1943 1950 1936 1963 1961 1960 
 1938 1921 1946 1940 1927 1925 1920 
 1939 1947 1948 1945 1940 1942 1943 1941 
 1940 1946 1948 1939 1938 1941 1927 1929 1930 
 1941 1940 1939 1943 1930 1936 
 1942 1945 1949 1952 1944 1939 1943 
 1943 1942 1939 1944 1941 1950 1937 1936 
 1944 1952 1951 1942 1953 1950 1943 
 1945 1947 1949 1939 1942 
 1946 1810 1948 1921 1938 1940 
 1947 1811 1815 1948 1945 1949 1939 
 1948 1810 1811 1946 1947 1939 1940 
 1949 1952 1815 1947 1945 1942 
 1950 1964 1953 1944 1963 1943 1937 
 1951 1816 1952 1953 1944 
 1952 1815 1816 1949 1951 1942 1944 
 1953 1951 1964 1950 1944 
 1954 
 1955 
 1956 1960 1957 1961 1959 1958 
 1957 1961 1934 1956 
 1958 1956 1959 1973 
 1959 1960 1962 1956 1958 1976 1973 1981 
 1960 1963 1937 1961 1962 1959 1956 
 1961 1937 1936 1960 1934 1957 1956 
 1962 1966 1963 1960 1959 1981 
 1963 1950 1964 1819 1967 1937 1960 1966 1962 
 1964 1818 1953 1820 1950 1819 1963 
 1965 1968 1970 1967 1966 1995 1981 
 1966 1963 1967 1962 1965 1981 
 1967 1820 1819 1968 1963 1966 1965 
 1968 1820 1971 1967 1970 1965 
 1969 1971 1843 1970 1845 1998 
 1970 1971 1969 1968 1965 1995 1998 
 1971 1822 1841 1843 1969 1820 1968 1970 
 1972 1973 1976 1975 1974 
 1973 1958 1959 1976 1972 
 1974 1972 1975 1978 2624 
 1975 1976 1972 1974 1980 1978 
 1976 1959 1973 1981 1972 1980 1975 
 1977 1980 1978 1993 1982 1983 
 1978 1975 1974 1980 1977 2624 1983 2000 
 1979 2242 2239 2245 2408 
 1980 1976 1981 1975 1993 1978 1977 
 1981 1966 1965 1995 1962 1976 1959 1980 1993 
 1982 1993 1994 1977 1985 1983 2001 
 1983 1978 1977 2000 1982 2001 
 1984 1994 1986 1985 2010 1988 
 1985 1994 1982 1984 2001 2010 2009 
 1986 1994 1992 1990 1984 1989 1988 
 1987 1989 1988 2016 790 2014 
 1988 1986 1989 1984 2010 1987 2011 2014 
 1989 1990 1986 1988 1987 2017 
 1990 1996 1991 1992 1986 1989 
 1991 1997 1996 2020 1990 2034 2035 
 1992 1995 1993 1996 1990 1994 1986 
 1993 1995 1992 1981 1980 1994 1977 1982 
 1994 1993 1992 1982 1985 1986 1984 
 1995 1965 1970 1998 1996 1981 1993 1992 
 1996 1998 1995 1997 1992 1991 1990 
 1997 1998 1996 2021 2020 1991 
 1998 1969 1845 1970 1846 1995 1997 1996 2021 
 1999 2001 2002 2003 
 2000 2624 1978 1983 
 2001 1983 1982 1985 2009 1999 2002 
 2002 2001 2009 1999 2006 2003 2005 
 2003 1999 2002 2005 2004 
 2004 2003 2005 2008 2080 2079 
 2005 2002 2003 2006 2004 2008 
 2006 2002 2009 2005 2011 2007 2008 
 2007 2006 2011 2013 2008 2081 2082 
 2008 2005 2006 2004 2007 2080 2082 
 2009 2001 1985 2010 2002 2006 2011 
 2010 1984 1985 1988 2009 2011 
 2011 2010 1988 2014 2009 2006 2007 2013 
 2012 2014 790 2015 2018 2056 2635 
 2013 2014 2011 2007 2015 2081 
 2014 1988 2011 1987 790 2013 2012 2015 
 2015 2014 2013 2012 2635 2072 2081 
 2016 2017 1987 2018 790 
 2017 1989 2046 2042 2016 2067 2018 
 2018 2017 2067 2016 790 2054 2056 2012 
 2019 2021 2023 2020 2044 
 2020 1997 2019 1991 2044 2034 
 2021 1846 1998 2022 1997 2023 2019 
 2022 1847 2026 1846 2021 2023 
 2023 2021 2022 2019 2026 2028 
 2024 2032 2025 2026 2027 
 2025 1864 2031 2026 2032 2024 
 2026 1847 1864 2022 2025 2023 2028 2024 2027 
 2027 2026 2028 2024 2032 2044 2047 2033 
 2028 2026 2023 2027 2044 
 2029 2033 2030 2037 
 2030 2032 1870 2029 
 2031 1864 1870 2025 2032 
 2032 2025 2031 2024 1870 2027 2030 2033 
 2033 2027 2032 2047 2029 2037 
 2034 2020 2044 1991 2035 
 2035 2034 2044 1991 2043 2046 
 2036 2045 2037 2038 2041 
 2037 2033 2047 2045 2029 2036 
 2038 2036 2041 2039 
 2039 2038 2041 2063 
 2040 2042 2045 2041 2581 
 2041 2045 2036 2038 2040 2039 2063 2581 
 2042 2046 2043 2045 2040 2017 2067 
 2043 2044 2035 2046 2045 2042 
 2044 2020 2019 2028 2034 2027 2047 2035 2043 2045 
 2045 2047 2044 2043 2037 2036 2042 2041 2040 
 2046 2043 2035 2042 2017 
 2047 2027 2044 2033 2037 2045 
 2048 
 2049 2110 2050 2114 2113 
 2050 2073 2052 2110 2051 2049 
 2051 2057 2052 2050 
 2052 2070 2058 2057 2051 2073 2050 
 2053 2054 2066 2058 2065 2059 2057 
 2054 2018 2067 2056 2066 2055 2053 2058 
 2055 2056 2054 2635 2058 2070 
 2056 2018 2054 2012 2055 2635 
 2057 2053 2059 2058 2052 2051 
 2058 2055 2054 2070 2053 2057 2052 
 2059 2065 2061 2053 2057 
 2060 2063 2064 2061 
 2061 2064 2060 2065 2059 
 2062 1492 1561 1575 1559 1510 1513 1562 1523 
 2063 2039 2041 2581 2060 2064 
 2064 2060 2063 2581 2065 2061 
 2065 2581 2066 2064 2061 2059 2053 
 2066 2581 2067 2054 2065 2053 
 2067 2017 2042 2018 2054 2066 
 2068 2635 2072 2070 2069 
 2069 2072 2068 2070 2071 2073 
 2070 2635 2055 2058 2068 2052 2069 2073 
 2071 2072 2069 2075 2073 2108 
 2072 2635 2015 2068 2076 2069 2071 2075 
 2073 2070 2069 2071 2052 2050 2108 2110 
 2074 2077 2574 2107 2095 
 2075 2076 2072 2071 2108 2077 2574 
 2076 2081 2072 2082 2075 2085 2077 
 2077 2076 2085 2075 2574 2074 2095 
 2078 2080 2082 2079 2083 2085 2084 
 2079 2004 2080 2078 2083 
 2080 2004 2008 2079 2082 2078 
 2081 2013 2015 2007 2076 2082 
 2082 2080 2008 2007 2081 2076 2078 2085 
 2083 2079 2078 2084 
 2084 2083 2078 2085 2086 2088 
 2085 2082 2076 2077 2078 2084 2095 2086 
 2086 2085 2095 2084 2088 
 2087 2088 2093 2089 2090 
 2088 2084 2086 2095 2093 2087 
 2089 2093 2087 2092 2091 2090 
 2090 2089 2091 2087 
 2091 2092 2096 2089 2090 
 2092 2093 2558 2097 2096 2089 2091 
 2093 2095 2088 2094 2558 2087 2092 2089 
 2094 2095 2107 2101 2093 2558 2103 
 2095 2077 2085 2074 2107 2086 2094 2088 2093 
 2096 2097 2092 2098 2091 
 2097 2103 2558 2099 2092 2096 2098 
 2098 2099 2100 2097 2096 
 2099 2103 2104 2100 2097 2098 
 2100 2111 2104 2099 2098 
 2101 2107 2102 2094 2103 2104 
 2102 2107 2106 2109 2112 2101 2104 
 2103 2101 2094 2558 2104 2099 2097 
 2104 2102 2112 2101 2111 2103 2100 2099 
 2105 2108 2109 2107 2106 
 2106 2107 2105 2109 2102 
 2107 2574 2108 2074 2105 2095 2106 2102 2101 2094 
 2108 2075 2071 2073 2110 2574 2109 2107 2105 
 2109 2110 2108 2105 2114 2106 2102 2113 2112 
 2110 2073 2108 2050 2109 2049 2114 
 2111 2112 2113 2104 2100 
 2112 2109 2113 2102 2104 2111 
 2113 2114 2049 2109 2112 2111 
 2114 2109 2110 2049 2113 
 2115 2120 2121 2122 2119 2116 
 2116 2122 2115 2119 2118 2117 
 2117 2116 2122 2118 
 2118 2119 2116 2117 
 2119 2120 2115 2116 2118 
 2120 2121 2115 2119 
 2121 2120 2115 2122 
 2122 2121 2115 2116 2117 
 2123 
 2124 
 2125 
 2126 
 2127 
 2128 
 2129 
 2130 
 2131 
 2132 
 2133 
 2134 
 2135 
 2136 
 2137 2140 2142 2141 
 2138 2139 
 2139 90 102 2140 2138 
 2140 2139 102 104 2143 2137 2142 
 2141 2137 2142 2145 2157 
 2142 2140 2143 2137 2144 2145 2141 
 2143 104 136 2140 2142 2144 
 2144 2143 136 2147 2142 2152 2145 
 2145 2142 2141 2144 2152 2157 2154 
 2146 2152 2148 2151 2149 2150 
 2147 136 138 2144 2152 2148 
 2148 2152 2147 138 2146 2149 
 2149 2148 138 2146 2150 
 2150 2146 2149 2151 2159 2163 
 2151 2155 2152 2146 2150 2159 
 2152 2144 2147 2145 2148 2154 2146 2155 2151 
 2153 2154 2157 2156 2155 2158 2161 
 2154 2145 2152 2157 2155 2153 
 2155 2152 2151 2154 2158 2153 2159 
 2156 2153 2157 2161 
 2157 2145 2141 2154 2153 2156 
 2158 2155 2153 2159 2161 2160 
 2159 2155 2151 2150 2158 2163 2160 2167 2173 
 2160 2161 2158 2159 2167 2166 
 2161 2153 2158 2156 2160 2168 2166 
 2162 2163 2175 2176 2164 2177 
 2163 2150 2159 2173 2175 2162 
 2164 2162 2177 2165 2181 
 2165 2184 2164 2181 
 2166 2160 2168 2161 2167 2170 2169 
 2167 2160 2159 2173 2166 2170 
 2168 2161 2166 2169 
 2169 2168 2166 2170 2171 
 2170 2167 2173 2166 2174 2169 2171 2180 
 2171 2169 2170 2180 2179 
 2172 2174 2175 2176 2180 
 2173 2159 2163 2167 2175 2170 2174 
 2174 2173 2175 2170 2172 2180 
 2175 2173 2163 2162 2174 2172 2176 
 2176 2175 2172 2162 2177 2180 
 2177 2176 2162 2164 2180 2179 2181 2178 2182 
 2178 2177 2179 2182 
 2179 2171 2180 2177 2178 
 2180 2172 2174 2170 2176 2171 2177 2179 
 2181 2164 2165 2184 2177 2189 2182 2187 
 2182 2181 2178 2177 2187 
 2183 2185 2184 
 2184 2183 2185 2165 2189 2181 
 2185 2183 2184 2190 2189 
 2186 2188 2187 2194 2191 
 2187 2181 2189 2188 2182 2186 
 2188 2189 2190 2194 2187 2186 
 2189 2184 2185 2190 2181 2187 2188 
 2190 2185 2189 2188 
 2191 2186 2194 2192 
 2192 2194 2191 2193 
 2193 2194 2195 2199 2192 
 2194 2195 2188 2193 2186 2191 2192 
 2195 2196 2194 2193 2200 2199 
 2196 2195 2200 
 2197 2200 2199 2198 
 2198 2197 2200 2202 2203 
 2199 2195 2200 2193 2197 
 2200 2196 2195 2199 2197 2198 
 2201 2202 2203 2205 
 2202 2198 2203 2201 
 2203 2198 2202 2201 2205 
 2204 1723 2208 
 2205 2203 2201 2206 
 2206 1723 2205 
 2207 1467 1465 1466 1534 1532 1535 
 2208 2204 2253 
 2209 2210 
 2210 2209 2211 
 2211 2210 2212 
 2212 2211 
 2213 2215 2216 
 2214 2216 
 2215 2216 2213 
 2216 2215 2214 2213 
 2217 
 2218 
 2219 
 2220 
 2221 1477 1476 1543 1544 1475 
 2222 
 2223 
 2224 
 2225 
 2226 
 2227 
 2228 
 2229 
 2230 
 2231 
 2232 
 2233 
 2234 
 2235 
 2236 
 2237 
 2238 
 2239 2243 2242 2240 2245 1979 
 2240 2239 2241 2245 
 2241 2240 2245 2246 2414 
 2242 2275 2243 2239 2532 1979 2408 
 2243 2276 2275 2242 2239 
 2244 
 2245 2240 2239 2241 2246 1979 2408 
 2246 2245 2241 2414 2408 
 2247 2252 2251 2249 2250 2248 2262 2260 
 2248 2250 2247 2256 2260 2257 
 2249 2251 2274 2262 2247 
 2250 2247 2252 2253 2248 2256 
 2251 2270 2255 2252 2271 2274 2249 2247 
 2252 2255 2254 2251 2253 2247 2250 
 2253 2254 2208 2252 2250 2256 2258 
 2254 2255 2252 2253 
 2255 2270 2254 2252 2251 
 2256 2250 2253 2248 2258 2257 
 2257 2248 2260 2256 2258 2259 2263 
 2258 2253 2256 2257 2259 2281 2279 
 2259 2258 2257 2279 2263 2284 
 2260 2262 2247 2248 2257 2261 2263 
 2261 2277 2262 2278 2260 2401 2263 
 2262 2274 2249 2277 2260 2247 2261 
 2263 2257 2259 2260 2284 2289 2261 2401 2286 
 2264 2268 2266 2267 
 2265 2268 2273 2266 2271 2274 
 2266 2264 2268 2267 2265 2276 2274 2275 2277 
 2267 2269 2264 2266 2276 
 2268 2272 2273 2264 2265 2266 
 2269 2267 2276 
 2270 2255 2251 2271 
 2271 2273 2272 2265 2270 2274 2251 
 2272 2273 2268 2271 
 2273 2272 2268 2271 2265 
 2274 2271 2265 2266 2277 2251 2262 2249 
 2275 2276 2266 2243 2277 2242 2532 
 2276 2269 2267 2266 2275 2243 
 2277 2266 2275 2274 2262 2532 2261 2278 
 2278 2277 2261 2532 2403 2401 
 2279 2281 2258 2259 2284 2280 2283 2282 
 2280 2281 2279 2282 2291 
 2281 2258 2279 2280 
 2282 2279 2280 2283 2291 
 2283 2284 2279 2282 2288 2287 2294 2291 
 2284 2259 2279 2263 2289 2288 2283 
 2285 
 2286 2289 2288 2263 2407 2401 2287 2294 2300 2549 
 2287 2283 2288 2294 2286 
 2288 2284 2289 2283 2287 2286 
 2289 2263 2284 2288 2286 
 2290 2294 2292 2300 2298 2293 
 2291 2280 2282 2283 2294 2292 
 2292 2291 2294 2290 2298 
 2293 2290 2298 2300 2296 
 2294 2287 2283 2291 2292 2290 2286 2300 
 2295 2298 2296 2297 
 2296 2293 2300 2298 2302 2295 2299 2297 
 2297 2295 2296 2299 2304 
 2298 2292 2290 2293 2296 2295 
 2299 2296 2302 2297 2304 
 2300 2294 2286 2290 2549 2293 2301 2296 2302 
 2301 2549 2300 2321 2302 2303 
 2302 2300 2296 2301 2299 2303 2304 
 2303 2302 2301 2321 2310 2304 2578 
 2304 2299 2302 2303 2297 2578 
 2305 2314 2309 2370 2368 2375 2322 
 2306 2456 2453 2452 2460 2450 2455 2457 
 2307 2308 2312 2314 2309 
 2308 2310 2578 2312 2307 
 2309 2307 2314 2305 
 2310 2321 2319 2303 2311 2578 2312 2308 
 2311 2319 2310 2316 2312 2313 
 2312 2310 2311 2313 2308 2307 2314 
 2313 2311 2312 2316 2314 2318 2315 
 2314 2313 2312 2307 2309 2315 2370 2371 2305 
 2315 2318 2338 2313 2314 2371 2372 2337 
 2316 2311 2319 2317 2318 2313 
 2317 2320 2550 2417 2319 2316 2318 
 2318 2317 2417 2316 2419 2313 2338 2315 
 2319 2320 2321 2310 2317 2311 2316 
 2320 2550 2321 2319 2317 
 2321 2550 2549 2320 2301 2319 2310 2303 
 2322 2305 2375 2385 2388 2323 
 2323 2322 2388 2326 
 2324 2326 2389 2388 2325 2390 2327 
 2325 2326 2324 2327 2330 
 2326 2323 2388 2324 2325 
 2327 2325 2324 2390 2330 2331 2391 
 2328 2329 2391 2332 
 2329 2330 2331 2391 2328 
 2330 2325 2327 2331 2329 
 2331 2327 2330 2391 2329 
 2332 2328 2391 2394 2397 2333 
 2333 2332 2397 2398 2399 2334 
 2334 2333 2399 2335 
 2335 2334 2400 
 2336 
 2337 2315 2338 2372 2367 2343 2342 2366 2339 
 2338 2318 2419 2315 2416 2420 2337 2343 
 2339 2342 2337 2341 2366 2340 
 2340 2366 2339 2341 2364 2356 2358 
 2341 2342 2458 2339 2554 2340 2358 
 2342 2343 2337 2420 2458 2341 2339 
 2343 2338 2420 2337 2342 
 2344 2345 2347 
 2345 2359 2346 2347 2344 
 2346 2467 2357 2359 2345 2347 
 2347 2467 2346 2464 2345 2344 
 2348 2349 2360 2350 2351 
 2349 2363 2360 2348 2353 2350 
 2350 2348 2349 2353 2351 2352 2354 
 2351 2348 2350 2352 
 2352 2350 2351 2354 
 2353 2382 2363 2349 2393 2350 2354 
 2354 2353 2350 2393 2352 2355 
 2355 2354 2393 2392 
 2356 2364 2340 2358 2362 2357 
 2357 2362 2356 2358 2467 2361 2359 2346 
 2358 2341 2554 2340 2356 2465 2466 2357 2467 
 2359 2357 2361 2360 2346 2345 
 2360 2359 2361 2363 2349 2348 
 2361 2357 2362 2380 2359 2360 2381 2363 
 2362 2377 2365 2364 2356 2357 2378 2361 2380 
 2363 2381 2361 2360 2382 2349 2353 
 2364 2365 2366 2340 2356 2362 
 2365 2372 2367 2366 2364 2377 2362 
 2366 2367 2337 2365 2339 2364 2340 
 2367 2337 2372 2365 2366 
 2368 2370 2369 2305 2372 2375 2376 2373 2374 
 2369 2370 2371 2368 2372 
 2370 2314 2371 2305 2369 2368 
 2371 2315 2372 2370 2314 2369 
 2372 2371 2315 2337 2367 2369 2365 2368 2376 2377 
 2373 2368 2376 2374 
 2374 2368 2373 2375 2376 2385 2386 2378 2379 
 2375 2305 2368 2322 2374 2385 
 2376 2368 2372 2377 2373 2378 2374 
 2377 2376 2372 2365 2378 2362 
 2378 2377 2376 2374 2379 2362 2380 
 2379 2378 2374 2380 2386 2381 2383 
 2380 2379 2378 2362 2361 2381 
 2381 2380 2361 2379 2383 2382 2363 2384 
 2382 2381 2363 2384 2353 2393 
 2383 2387 2386 2379 2381 2389 2384 2390 
 2384 2381 2383 2382 2390 2393 2395 
 2385 2375 2322 2374 2388 2386 2387 
 2386 2385 2374 2379 2387 2383 
 2387 2388 2385 2386 2383 2389 
 2388 2322 2385 2323 2387 2326 2389 2324 
 2389 2388 2387 2324 2383 2390 
 2390 2389 2383 2324 2384 2327 2395 2391 
 2391 2327 2390 2331 2395 2329 2394 2328 2332 
 2392 2394 2393 2355 2396 
 2393 2384 2382 2353 2395 2354 2355 2394 2392 
 2394 2391 2395 2393 2392 2332 2397 2396 
 2395 2390 2384 2393 2391 2394 
 2396 2397 2394 2392 2398 
 2397 2332 2394 2396 2333 2398 
 2398 2333 2397 2396 2399 
 2399 2333 2398 2334 
 2400 2335 
 2401 2261 2278 2403 2263 2407 2286 
 2402 2408 2412 2403 2411 2405 2404 
 2403 2278 2532 2408 2401 2402 2407 2404 
 2404 2403 2407 2402 2405 2550 2549 
 2405 2411 2402 2404 2600 2417 2550 
 2406 
 2407 2401 2403 2404 2286 2549 
 2408 2245 2246 2414 1979 2532 2242 2403 2412 2415 2402 
 2409 
 2410 2412 2415 2424 2411 2413 2425 2423 
 2411 2412 2410 2402 2405 2413 2600 
 2412 2408 2415 2402 2410 2411 
 2413 2410 2411 2600 2423 2418 
 2414 2241 2246 2408 2415 
 2415 2414 2408 2412 2410 
 2416 2419 2338 2420 2453 2460 
 2417 2600 2405 2550 2418 2317 2318 2419 
 2418 2417 2600 2413 2423 2422 2421 2419 
 2419 2417 2418 2318 2421 2445 2456 2338 2416 2453 
 2420 2416 2338 2343 2460 2458 2342 
 2421 2422 2444 2418 2419 2445 
 2422 2423 2438 2418 2444 2421 
 2423 2410 2425 2413 2418 2427 2438 2422 
 2424 2410 2426 2425 
 2425 2410 2424 2426 2423 2427 
 2426 2424 2429 2425 2427 
 2427 2429 2426 2430 2425 2433 2437 2423 2438 
 2428 2431 2430 2433 2432 
 2429 2426 2431 2427 2430 
 2430 2429 2427 2431 2428 2433 
 2431 2429 2430 2428 
 2432 2428 2433 2434 2437 
 2433 2428 2430 2427 2432 2437 
 2434 2432 2437 2435 
 2435 2434 2437 2436 
 2436 2440 2437 2435 2439 
 2437 2433 2427 2432 2434 2435 2440 2438 2436 
 2438 2423 2427 2437 2422 2440 2444 2443 
 2439 2436 2440 2443 2449 
 2440 2437 2436 2438 2444 2439 2443 
 2441 2443 2449 2442 2448 2446 2447 
 2442 2444 2443 2441 2445 2446 
 2443 2444 2440 2438 2439 2442 2449 2441 
 2444 2438 2440 2443 2422 2421 2442 2445 
 2445 2444 2421 2419 2456 2452 2446 2442 
 2446 2445 2452 2442 2441 2447 2451 
 2447 2448 2441 2446 2451 
 2448 2449 2441 2447 
 2449 2443 2439 2441 2448 
 2450 2452 2451 2306 2455 
 2451 2446 2447 2452 2450 2455 
 2452 2445 2446 2456 2306 2451 2450 
 2453 2419 2456 2416 2306 2460 
 2454 2520 
 2455 2450 2451 2306 2457 
 2456 2445 2419 2452 2453 2306 
 2457 2460 2306 2455 2461 2459 
 2458 2420 2460 2342 2341 2554 2462 2459 
 2459 2460 2457 2458 2461 2462 2465 2463 
 2460 2453 2416 2420 2306 2458 2457 2459 
 2461 2457 2459 2463 
 2462 2458 2554 2459 2465 
 2463 2459 2465 2461 2466 2464 
 2464 2466 2463 2467 2347 
 2465 2554 2462 2459 2358 2466 2463 
 2466 2358 2465 2467 2463 2464 
 2467 2358 2466 2357 2346 2464 2347 
 2468 2471 2469 2472 
 2469 2470 2474 2471 2468 
 2470 2483 2486 2474 2469 
 2471 2474 2469 2468 2473 2472 
 2472 2468 2471 2473 2480 2479 
 2473 2475 2474 2471 2481 2472 2478 2480 2476 
 2474 2490 2486 2475 2470 2469 2473 2471 
 2475 2495 2490 2474 2473 2494 2491 2481 
 2476 2480 2473 2478 2479 2477 
 2477 2481 2493 2478 2476 
 2478 2481 2473 2476 2477 
 2479 2472 2480 2476 
 2480 2473 2476 2472 2479 
 2481 2475 2491 2473 2493 2478 2477 
 2482 
 2483 2484 2486 2470 
 2484 2487 2485 2486 2483 
 2485 2487 2484 2489 2490 2486 
 2486 2484 2485 2490 2483 2470 2474 
 2487 2488 2604 2489 2485 2484 
 2488 2604 2487 
 2489 2604 2506 2487 2507 2485 2490 2495 
 2490 2489 2485 2495 2486 2474 2475 
 2491 2494 2475 2481 2493 
 2492 2496 2494 
 2493 2491 2481 2477 
 2494 2495 2496 2492 2491 2475 
 2495 2496 2507 2489 2490 2475 2494 
 2496 2605 2507 2495 2503 2504 2494 2492 
 2497 2499 2500 2498 
 2498 2500 2497 2504 
 2499 2502 2500 2497 
 2500 2503 2502 2499 2504 2497 2498 
 2501 2506 2603 2602 2601 
 2502 2602 2605 2503 2499 2500 
 2503 2605 2502 2496 2500 2504 
 2504 2503 2496 2500 2498 
 2505 2506 
 2506 2505 2501 2604 2603 2489 2507 
 2507 2603 2506 2489 2601 2605 2496 2495 
 2508 
 2509 2571 
 2510 2571 2512 
 2511 2571 2512 
 2512 2510 2571 2511 
 2513 2515 2514 
 2514 2516 2515 2513 
 2515 2516 2514 2513 
 2516 2514 2515 
 2517 
 2518 
 2519 
 2520 2454 
 2521 
 2522 
 2523 
 2524 
 2525 
 2526 
 2527 
 2528 2530 2529 
 2529 2530 1454 1560 2528 
 2530 2531 1454 2529 2528 
 2531 1454 2530 
 2532 2242 2275 2277 2278 2403 2408 
 2533 661 654 660 655 657 
 2534 
 2535 
 2536 
 2537 
 2538 645 649 652 640 779 792 793 791 
 2539 
 2540 
 2541 
 2542 
 2543 
 2544 
 2545 
 2546 
 2547 
 2548 
 2549 2407 2286 2300 2404 2301 2550 2321 
 2550 2404 2405 2417 2321 2549 2320 2317 
 2551 
 2552 
 2553 
 2554 2458 2341 2462 2465 2358 
 2555 201 206 202 205 204 
 2556 190 216 208 209 191 206 201 
 2557 367 368 366 371 
 2558 2094 2103 2093 2097 2092 
 2559 1772 1770 1764 1769 1762 1767 
 2560 570 564 596 569 
 2561 578 583 575 579 574 
 2562 1485 
 2563 1691 1690 1693 
 2564 2585 1758 1761 1835 1842 1838 
 2565 
 2566 1259 1254 1339 1257 1345 
 2567 749 753 757 754 
 2568 606 611 722 727 726 
 2569 787 788 2577 2583 
 2570 402 403 415 416 425 
 2571 2509 2510 2511 2512 
 2572 1338 1360 1355 1349 1348 
 2573 1784 1786 1787 1783 1788 
 2574 2075 2108 2077 2074 2107 
 2575 1392 1391 1389 1388 1390 1387 
 2576 
 2577 787 804 2569 2583 800 803 802 850 
 2578 2304 2303 2310 2308 
 2579 
 2580 995 1004 994 1003 
 2581 2041 2040 2063 2066 2064 2065 
 2582 788 2583 782 800 
 2583 2569 2577 800 788 2582 
 2584 685 703 689 714 704 636 
 2585 1741 1739 1825 2564 1826 1842 
 2586 1164 1167 1161 1169 1170 1172 1174 1175 
 2587 982 983 
 2588 981 984 988 993 
 2589 985 
 2590 2666 2637 
 2591 2636 2632 251 
 2592 2626 2627 
 2593 2626 59 60 
 2594 47 37 39 49 2628 50 
 2595 12 44 43 
 2596 12 43 11 23 31 38 
 2597 2629 2598 11 23 18 22 24 
 2598 10 9 8 2629 2597 11 
 2599 2631 6 3 2630 
 2600 2411 2413 2405 2417 2418 
 2601 2602 2501 2603 2507 2605 
 2602 2601 2501 2502 2605 
 2603 2506 2501 2601 2507 
 2604 2506 2488 2487 2489 
 2605 2601 2507 2602 2502 2503 2496 
 2606 1181 1184 1187 2612 1185 
 2607 1600 1597 1598 1488 1556 1558 1591 
 2608 1469 1068 2678 2679 1468 
 2609 1806 1807 1781 1803 1805 
 2610 1043 1044 1038 1183 1182 
 2611 1061 1184 1059 1060 1181 1183 2702 2612 
 2612 2611 1181 2606 2702 1193 1185 
 2613 2659 2615 2684 2682 1065 2681 
 2614 2684 
 2615 2659 2680 2613 2657 2692 2681 
 2616 2663 2634 2633 
 2617 1085 1084 1083 1553 1554 
 2618 2639 2620 2638 
 2619 2621 2665 2647 2643 2668 2640 
 2620 2640 2621 2660 2638 2639 2618 
 2621 2664 2665 2619 2660 2640 2620 
 2622 2662 2661 2660 2666 2663 1073 
 2623 
 2624 1974 1978 2000 
 2625 76 62 
 2626 2592 2627 2593 59 
 2627 45 76 2592 2626 59 
 2628 47 48 2594 50 
 2629 17 8 2598 2597 18 
 2630 2599 3 6 2 
 2631 2599 3 5 
 2632 2636 2591 251 
 2633 2616 1074 
 2634 2666 2637 2663 2616 
 2635 2012 2056 2015 2055 2072 2070 2068 
 2636 2632 2591 
 2637 2590 2666 2634 
 2638 2620 2660 1073 2618 
 2639 2620 2640 2618 1072 
 2640 2619 2643 2621 2620 2642 2639 1072 
 2641 2648 2642 1072 2669 1080 1084 
 2642 2643 2640 2668 2648 1072 2641 
 2643 2619 2668 2640 2642 
 2644 2672 2669 1069 2645 1080 2696 
 2645 2650 1069 2644 2695 2676 2696 1081 1079 
 2646 1065 2681 2691 2683 1063 
 2647 2665 2667 2619 1071 2668 
 2648 1071 2672 2668 2642 2641 2669 
 2649 2652 2667 2670 1071 2671 2672 
 2650 2651 2671 2695 1069 2645 
 2651 2675 2653 2673 2671 2650 2694 2695 
 2652 2670 2667 2649 
 2653 2674 2673 2675 2651 
 2654 2658 2674 2693 
 2655 2693 2674 2675 2701 2694 
 2656 2694 2701 1070 2677 1076 
 2657 2680 2615 2658 2693 2692 1070 
 2658 2680 2654 2693 2657 
 2659 2680 2615 2613 
 2660 2662 2622 2621 2664 2620 1073 2638 
 2661 2662 2666 2622 
 2662 2664 2661 2622 2660 
 2663 2666 2634 2622 1073 2616 
 2664 2662 2665 2621 2660 
 2665 2647 2664 2621 2619 
 2666 2661 2590 2637 2634 2622 2663 
 2667 2652 2647 1071 2649 
 2668 2647 2619 2643 1071 2642 2648 
 2669 2648 2644 2641 1080 
 2670 2673 2652 2649 2671 
 2671 2670 2649 2673 2651 2650 2672 1069 
 2672 2649 1071 2648 2671 1069 2644 
 2673 2653 2670 2651 2671 
 2674 2654 2653 2675 2655 
 2675 2653 2674 2651 2655 2694 
 2676 2695 2645 2677 1075 1079 1078 
 2677 2694 2695 2656 1076 2676 1075 
 2678 1075 1469 1078 1465 2608 1468 
 2679 1068 2608 1596 1468 1599 
 2680 2658 2659 2615 2657 
 2681 2692 2615 1065 2613 2646 2691 
 2682 2685 2684 2613 1065 2690 1062 
 2683 1065 1066 2646 1063 2686 1064 
 2684 2614 2687 2685 2682 2613 
 2685 2687 2684 2689 2682 1026 1062 1058 
 2686 1066 1061 2683 1064 1184 
 2687 2688 2684 2685 2689 
 2688 2687 986 2699 2689 
 2689 2687 2685 2688 2699 2700 1026 
 2690 2682 1065 1062 1066 
 2691 2692 2681 1070 2646 1063 
 2692 2657 2615 2681 1070 2691 
 2693 2654 2658 2657 2655 1070 2701 
 2694 2651 2675 2695 2655 2701 2656 2677 
 2695 2650 2651 2694 2677 2676 2645 
 2696 2644 2645 1080 1081 2697 
 2697 2696 1081 1080 1084 1085 1553 
 2698 1064 1067 1184 1068 1187 
 2699 2688 986 985 2689 2700 
 2700 2699 2689 985 987 1026 1029 990 
 2701 2693 1070 2655 2694 2656 
 2702 2611 1183 2612 1193 1182 1194 1192 
 2703 
 2704 
 2705 
 2706 
 2707 
 2708 
 2709 
 2710 
 2711 
 2712 
 2713 
 2714 
 2715 
 2716 
 2717 
 2718 
 2719 
 2720 
 2721 
 2722 
 2723 
 2724 
 2725 
 2726 
 2727 
 2728 
 2729 
 2730 
 2731 
 2732 
 2733 
 2734 
 2735 
 2736 
 2737 
 2738 
 2739 
 2740 
 2741 
 2742 
 2743 
 2744 
 2745 
 2746 
 2747 
 2748 
 2749 
 2750 
 2751 
 2752 
 2753 
 2754 
 2755 
 2756 
 2757 
 2758 
 2759 
 2760 
 2761 
 2762 
 2763 
 2764 
 2765 
 2766 
 2767 
 2768 
 2769 
 2770 
 2771 
 2772 
 2773 
 2774 
 2775 
 2776 
 2777 
 2778 
 2779 
 2780 
 2781 
 2782 
 2783 
 2784 
 2785 
 2786 
 2787 
 2788 
 2789 
 2790 
 2791 
 2792 
 2793 
 2794 
 2795 
 2796 
 2797 
 2798 
 2799 
 2800 
 2801 
 2802 
 2803 
 2804 
 2805 
 2806 
 2807 
 2808 
 2809 
 2810 
 2811 
 2812 
 2813 
 2814 
 2815 
 2816 
 2817 
 2818 
 2819 
 2820 
 2821 
 2822 
 2823 
 2824 
 2825 
 2826 
 2827 
 2828 
 2829 
 2830 
 2831 
 2832 
 2833 
 2834 
 2835 
 2836 
 2837 
 2838 
 2839 
 2840 
 2841 
 2842 
 2843 
 2844 
 2845 
 2846 
 2847 
 2848 
 2849 
 2850 
 2851 
 2852 
 2853 
 2854 
 2855 
 2856 
 2857 
 2858 
 2859 
 2860 
 2861 
 2862 
 2863 
 2864 
 2865 
 2866 
 2867 
 2868 
 2869 
 2870 
 2871 
 2872 
 2873 
 2874 
 2875 
 2876 
 2877 
 2878 
 2879 
 2880 
 2881 
 2882 
 2883 
 2884 
 2885 
 2886 
 2887 
 2888 
 2889 
 2890 
 2891 
 2892 
 2893 
 2894 
 2895 
 2896 
 2897 
 2898 
 2899 
 2900 
 2901 
 2902 
 2903 
 2904 
 2905 
 2906 
 2907 
 2908 
 2909 
 2910 
 2911 
 2912 
 2913 
 2914 
 2915 
 2916 
 2917 
 2918 
 2919 
 2920 
 2921 
 2922 
 2923 
 2924 
 2925 
 2926 
 2927 
 2928 
 2929 
 2930 
 2931 
 2932 
 2933 
 2934 
 2935 
 2936 
 2937 
 2938 
 2939 
 2940 
 2941 
 2942 
 2943 
 2944 
 2945 
 2946 
 2947 
 2948 
 2949 
 2950 
 2951 
 2952 
 2953 
 2954 
 2955 
 2956 
 2957 
 2958 
 2959 
 2960 
 2961 
 2962 
 2963 
 2964 
 2965 
 2966 
 2967 
 2968 
 2969 
 2970 
 2971 
 2972 
 2973 
 2974 
 2975 
 2976 
 2977 
 2978 
 2979 
 2980 
 2981 
 2982 
 2983 
 2984 
 2985 
 2986 
 2987 
 2988 
 2989 
 2990 
 2991 
 2992 
 2993 
 2994 
 2995 
 2996 
 2997 
 2998 
 2999 
 3000 
 3001 
 3002 
 3003 
 3004 
 3005 
 3006 
 3007 
 3008 
 3009 
 3010 
 3011 
 3012 
 3013 
 3014 
 3015 
 3016 
 3017 
 3018 
 3019 
 3020 
 3021 
 3022 
 3023 
 3024 
 3025 
 3026 
 3027 
 3028 
 3029 
 3030 
 3031 
 3032 
 3033 
 3034 
 3035 
 3036 
 3037 
 3038 
 3039 
 3040 
 3041 
 3042 
 3043 
 3044 
 3045 
 3046 
 3047 
 3048 
 3049 
 3050 
 3051 
 3052 
 3053 
 3054 
 3055 
 3056 
 3057 
 3058 
 3059 
 3060 
 3061 
 3062 
 3063 
 3064 
 3065 
 3066 
 3067 
 3068 
 3069 
 3070 
 3071 
 3072 
 3073 
 3074 
 3075 
 3076 
 3077 
 3078 
 3079 
 3080 
 3081 
 3082 
 3083 
 3084 
 3085 
 3086 
 3087 
 3088 
 3089 
 3090 
 3091 
 3092 
 3093 
 3094 
 3095 
 3096 
 3097 
 3098 
 3099 
 3100 
 3101 
 3102 
 3103 
 3104 
 3105 
 3106 
 3107 
 3108 
 3109 
 3110 
 3111 
 3112 
 3113 
 3114 
 3115 
 3116 
 3117 
 3118 
 3119 
 3120 
 3121 
 3122 
 3123 
 3124 
 3125 
 3126 
 3127 
 3128 
 3129 
 3130 
 3131 
 3132 
 3133 
 3134 
 3135 
 3136 
 3137 
 3138 
 3139 
 3140 
 3141 
 3142 
 3143 
 3144 
 3145 
 3146 
 3147 
 3148 
 3149 
 3150 
 3151 
 3152 
 3153 
 3154 
 3155 
 3156 
 3157 
 3158 
 3159 
 3160 
 3161 
 3162 
 3163 
 3164 
 3165 
 3166 
 3167 
 3168 
 3169 
 3170 
 3171 
 3172 
 3173 
 3174 
 3175 
 3176 
 3177 
 3178 
 3179 
 3180 
 3181 
 3182 
 3183 
 3184 
 3185 
 3186 
 3187 
 3188 
 3189 
 3190 
 3191 
 3192 
 3193 
 3194 
 3195 
 3196 
 3197 
 3198 
 3199 
 3200 
 3201 
 3202 
 3203 
 3204 
 3205 
 3206 
 3207 
 3208 
 3209 
 3210 
 3211 
 3212 
 3213 
 3214 
 3215 
 3216 
 3217 
 3218 
 3219 
 3220 
 3221 
 3222 
 3223 
 3224 
 3225 
 3226 
 3227 
 3228 
 3229 
 3230 
 3231 
 3232 
 3233 
 3234 
 3235 
 3236 
 3237 
 3238 
 3239 
 3240 
 3241 
 3242 
 3243 
 3244 
 3245 
 3246 
 3247 
 3248 
 3249 =
