1 711.000000 1992.000000
2 669.000000 2017.000000
3 482.000000 2105.000000
4 359.000000 2046.000000
5 327.000000 2082.000000
6 675.000000 2111.000000
7 682.000000 2150.000000
8 764.000000 2088.000000
9 934.000000 2093.000000
10 838.000000 2138.000000
11 1009.000000 2139.000000
12 1140.000000 2125.000000
13 883.000000 1835.000000
14 844.000000 1826.000000
15 812.000000 1926.000000
16 851.000000 1941.000000
17 777.000000 2029.000000
18 888.000000 1985.000000
19 899.000000 1892.000000
20 925.000000 1842.000000
21 978.000000 1832.000000
22 1013.000000 1896.000000
23 1050.000000 1983.000000
24 951.000000 1900.000000
25 993.000000 1864.000000
26 1045.000000 1838.000000
27 1070.000000 1877.000000
28 1038.000000 1813.000000
29 1073.000000 1820.000000
30 1191.000000 1850.000000
31 1157.000000 2013.000000
32 1179.000000 1963.000000
33 1118.000000 1899.000000
34 1159.000000 1913.000000
35 1131.000000 1827.000000
36 1292.000000 1838.000000
37 1341.000000 1989.000000
38 1255.000000 2000.000000
39 1265.000000 1940.000000
40 1268.000000 1879.000000
41 1247.900024 1814.800049
42 1298.000000 1815.000000
43 1286.000000 2085.000000
44 1488.000000 2153.000000
45 1732.000000 2148.000000
46 1577.000000 1709.000000
47 1442.000000 1932.000000
48 1527.000000 1820.000000
49 1362.000000 1832.000000
50 1474.000000 1800.000000
51 1524.099976 1762.300049
52 1571.000000 1742.000000
53 1547.000000 1712.000000
54 1533.000000 1688.000000
55 1557.000000 1690.000000
56 1618.000000 1721.000000
57 1610.000000 1732.000000
58 1644.000000 1748.000000
59 1704.000000 1888.000000
60 1615.000000 1846.000000
61 1722.000000 1821.000000
62 1843.000000 1851.000000
63 1603.000000 1779.000000
64 1659.000000 1765.000000
65 1691.000000 1784.000000
66 1684.000000 1743.000000
67 1754.000000 1795.000000
68 1774.000000 1745.000000
69 1764.000000 1773.000000
70 1823.000000 1753.000000
71 1787.000000 1714.000000
72 1831.000000 1733.000000
73 1864.000000 1745.000000
74 1952.000000 1791.000000
75 1918.000000 1808.000000
76 1792.000000 1902.000000
77 1913.099976 1760.000000
78 893.000000 1764.000000
79 951.000000 1800.000000
80 943.000000 1766.000000
81 886.000000 1702.000000
82 951.000000 1730.000000
83 946.000000 1691.000000
84 894.000000 1609.000000
85 881.000000 1646.000000
86 912.000000 1643.000000
87 920.000000 1561.000000
88 959.000000 1567.000000
89 962.000000 1533.000000
90 998.000000 1507.000000
91 1004.000000 1698.000000
92 1001.000000 1755.000000
93 1046.000000 1694.000000
94 970.000000 1660.000000
95 986.900024 1598.699951
96 1018.000000 1586.000000
97 1057.000000 1640.000000
98 1048.000000 1595.000000
99 1085.000000 1585.000000
100 1043.000000 1524.000000
101 1070.000000 1560.000000
102 1066.000000 1493.000000
103 1176.000000 1559.000000
104 1123.000000 1540.000000
105 1166.000000 1512.000000
106 1191.000000 1627.000000
107 1134.000000 1639.000000
108 1129.000000 1589.099976
109 1183.000000 1594.000000
110 1144.000000 1661.099976
111 1094.000000 1696.000000
112 1152.000000 1708.000000
113 1055.000000 1745.000000
114 1021.000000 1787.000000
115 1099.000000 1793.000000
116 1137.000000 1754.000000
117 1260.000000 1762.000000
118 1247.000000 1799.000000
119 1207.000000 1761.000000
120 1272.000000 1719.000000
121 1211.000000 1734.000000
122 1219.000000 1705.000000
123 1266.000000 1669.000000
124 1215.000000 1671.000000
125 1263.000000 1639.000000
126 1313.000000 1607.000000
127 1261.000000 1623.000000
128 1259.000000 1591.000000
129 1271.000000 1557.000000
130 1316.000000 1565.000000
131 1310.000000 1535.000000
132 1320.000000 1471.000000
133 1277.000000 1461.000000
134 1283.000000 1498.000000
135 1231.300049 1509.199951
136 1200.000000 1472.000000
137 1269.000000 1435.000000
138 1267.000000 1405.000000
139 1393.000000 1447.000000
140 1391.000000 1463.000000
141 1359.000000 1458.000000
142 1367.000000 1486.000000
143 1379.000000 1532.000000
144 1352.000000 1521.000000
145 1364.000000 1557.000000
146 1385.000000 1605.000000
147 1359.000000 1574.000000
148 1398.000000 1579.000000
149 1356.000000 1600.000000
150 1342.000000 1627.000000
151 1329.000000 1653.000000
152 1367.000000 1653.000000
153 1364.000000 1682.000000
154 1321.000000 1688.000000
155 1339.000000 1725.000000
156 1320.000000 1711.000000
157 1311.000000 1774.099976
158 1353.000000 1771.000000
159 1424.000000 1697.000000
160 1381.000000 1742.000000
161 1422.000000 1733.000000
162 1398.000000 1702.000000
163 1431.000000 1666.000000
164 1410.000000 1670.000000
165 1424.000000 1642.000000
166 1396.000000 1648.000000
167 1409.000000 1620.000000
168 1424.000000 1593.000000
169 1461.000000 1625.000000
170 1454.000000 1602.000000
171 1455.000000 1653.000000
172 1473.099976 1646.099976
173 1501.000000 1676.000000
174 1470.000000 1674.000000
175 1501.000000 1697.000000
176 1478.000000 1715.000000
177 1448.000000 1749.000000
178 1536.000000 1641.000000
179 1512.000000 1637.000000
180 1501.000000 1657.000000
181 1491.000000 1639.000000
182 1495.000000 1615.000000
183 1517.000000 1616.000000
184 1454.000000 1587.000000
185 1500.000000 1588.000000
186 1467.000000 1573.000000
187 1423.000000 1570.000000
188 1451.000000 1553.000000
189 1418.000000 1554.000000
190 1498.000000 1561.000000
191 1478.000000 1545.000000
192 1405.000000 1489.000000
193 1403.000000 1522.000000
194 1416.000000 1469.000000
195 1455.000000 1494.000000
196 1448.000000 1525.000000
197 1437.000000 1469.000000
198 1473.000000 1460.000000
199 1521.000000 1448.000000
200 1536.000000 1402.000000
201 1487.000000 1527.000000
202 1494.000000 1483.000000
203 1829.000000 1502.000000
204 1525.000000 1480.000000
205 1552.000000 1507.000000
206 1536.000000 1526.000000
207 1595.000000 1560.000000
208 1575.000000 1556.000000
209 1556.000000 1546.000000
210 1589.000000 1537.000000
211 1588.000000 1576.000000
212 1595.000000 1610.000000
213 1604.000000 1592.000000
214 1611.000000 1572.000000
215 1573.000000 1594.000000
216 1551.000000 1573.000000
217 1559.000000 1614.000000
218 1539.400024 1590.000000
219 1627.199951 1596.599976
220 1608.000000 1606.000000
221 1591.000000 1621.000000
222 1628.000000 1608.000000
223 1626.000000 1634.000000
224 1628.000000 1653.000000
225 1592.000000 1650.000000
226 1594.000000 1636.000000
227 1562.800049 1632.099976
228 1562.000000 1660.000000
229 1643.000000 1647.000000
230 1644.000000 1632.000000
231 1636.000000 1622.000000
232 1652.000000 1655.000000
233 1664.699951 1643.400024
234 1655.000000 1680.000000
235 1631.000000 1676.000000
236 1577.099976 1671.599976
237 1601.000000 1687.000000
238 1625.699951 1687.900024
239 1629.000000 1715.000000
240 1646.000000 1704.000000
241 1672.000000 1660.000000
242 1689.000000 1663.000000
243 1692.000000 1676.000000
244 1700.000000 1667.000000
245 1674.000000 1670.300049
246 1671.000000 1707.000000
247 1688.000000 1697.000000
248 1709.000000 1719.000000
249 1734.000000 1733.000000
250 1733.000000 1763.000000
251 2095.000000 2020.000000
252 2526.000000 2015.000000
253 2698.000000 1897.000000
254 2712.000000 1730.000000
255 2691.000000 1730.000000
256 2704.000000 1722.000000
257 2683.000000 1734.000000
258 2663.000000 1706.000000
259 2677.000000 1713.000000
260 2671.000000 1673.000000
261 2667.000000 1682.000000
262 2684.000000 1682.000000
263 2703.000000 1706.000000
264 2692.000000 1700.000000
265 2701.000000 1685.000000
266 2761.300049 1781.699951
267 2731.000000 1783.000000
268 2751.000000 1768.000000
269 2755.000000 1751.000000
270 2734.000000 1762.000000
271 2742.000000 1747.000000
272 2757.000000 1740.000000
273 2754.000000 1665.000000
274 2737.000000 1670.000000
275 2753.800049 1677.599976
276 2749.000000 1694.000000
277 2762.000000 1712.000000
278 2768.000000 1707.000000
279 2760.100098 1725.400024
280 2775.000000 1735.000000
281 2793.000000 1715.000000
282 2776.000000 1711.000000
283 2785.000000 1705.000000
284 2774.000000 1689.000000
285 2768.000000 1698.000000
286 2764.199951 1680.599976
287 2774.800049 1675.500000
288 2785.899902 1693.800049
289 2792.000000 1683.000000
290 2803.000000 1697.000000
291 2804.399902 1676.000000
292 2822.000000 1680.000000
293 2813.000000 1667.000000
294 2785.000000 1666.000000
295 2796.000000 1667.000000
296 2772.000000 1669.000000
297 2773.000000 1652.000000
298 2762.000000 1655.000000
299 2745.000000 1646.000000
300 2804.000000 1663.000000
301 2817.000000 1655.000000
302 2802.000000 1652.000000
303 2786.000000 1651.000000
304 2735.000000 1711.500000
305 3003.000000 1960.000000
306 3023.000000 2002.000000
307 3174.000000 2092.000000
308 2931.000000 1912.000000
309 2907.000000 1869.000000
310 2918.000000 1818.000000
311 2938.000000 1837.000000
312 2946.000000 1858.000000
313 2979.000000 1849.000000
314 2986.000000 1882.000000
315 2952.000000 1882.000000
316 2984.000000 1833.000000
317 3056.000000 1885.000000
318 3079.000000 1925.000000
319 3027.000000 1924.000000
320 3102.000000 1962.000000
321 3130.000000 2009.000000
322 3086.000000 1836.000000
323 3035.000000 1872.000000
324 3085.000000 1848.000000
325 3052.000000 1813.000000
326 3062.000000 1836.000000
327 3040.000000 1831.000000
328 3010.000000 1846.000000
329 2988.000000 1814.000000
330 3011.000000 1802.000000
331 3095.000000 1790.000000
332 3056.000000 1786.000000
333 3031.000000 1782.000000
334 3013.000000 1755.000000
335 3036.000000 1763.000000
336 3211.000000 1959.000000
337 3260.000000 1956.000000
338 3218.000000 2034.000000
339 3266.000000 1865.000000
340 3235.000000 1870.000000
341 3242.000000 1897.000000
342 3259.000000 1914.000000
343 3190.000000 1858.000000
344 3198.000000 1873.000000
345 3155.000000 1870.000000
346 3189.000000 1917.000000
347 3176.000000 1885.000000
348 3116.000000 1843.400024
349 3196.000000 1828.000000
350 3223.000000 1829.000000
351 3200.000000 1810.000000
352 3226.000000 1805.000000
353 3159.000000 1813.000000
354 3181.000000 1777.000000
355 3214.000000 1784.000000
356 3227.000000 1761.000000
357 3177.000000 1770.000000
358 3156.000000 1782.000000
359 3142.000000 1771.000000
360 3200.000000 1727.000000
361 3186.000000 1723.699951
362 3171.899902 1727.400024
363 3195.000000 1750.000000
364 3165.000000 1749.000000
365 3149.000000 1757.000000
366 2962.000000 1759.000000
367 2951.000000 1768.000000
368 2936.000000 1757.000000
369 2956.000000 1720.000000
370 2951.000000 1729.000000
371 2949.000000 1738.000000
372 2989.000000 1744.000000
373 2968.000000 1743.000000
374 3038.699951 1729.699951
375 2882.000000 1682.000000
376 2877.000000 1670.000000
377 2887.000000 1674.000000
378 2870.000000 1662.000000
379 2893.000000 1662.000000
380 2884.000000 1663.000000
381 2899.600098 1651.599976
382 2901.000000 1673.000000
383 2911.000000 1697.000000
384 2906.399902 1677.400024
385 2899.000000 1693.000000
386 2911.000000 1689.000000
387 2877.000000 1644.000000
388 2853.000000 1648.099976
389 2866.000000 1650.000000
390 2880.000000 1656.000000
391 2891.000000 1651.000000
392 2882.000000 1635.000000
393 2864.000000 1641.000000
394 2872.000000 1637.000000
395 2890.000000 1641.000000
396 2899.300049 1637.900024
397 2901.000000 1625.000000
398 2891.000000 1629.000000
399 2850.000000 1642.000000
400 2835.000000 1644.000000
401 2847.000000 1633.000000
402 2835.000000 1627.000000
403 2860.000000 1618.000000
404 2864.000000 1631.000000
405 2878.699951 1619.599976
406 2866.300049 1593.099976
407 2888.000000 1588.000000
408 2871.500000 1607.000000
409 2924.600098 1599.699951
410 2921.800049 1583.099976
411 2897.000000 1602.000000
412 2907.100098 1607.599976
413 2890.899902 1611.400024
414 2910.000000 1592.000000
415 2820.000000 1621.000000
416 2821.300049 1608.400024
417 2801.000000 1605.000000
418 2787.000000 1613.000000
419 2765.000000 1618.000000
420 2744.699951 1593.199951
421 2763.000000 1595.000000
422 2762.100098 1583.199951
423 2779.000000 1576.000000
424 2778.100098 1588.000000
425 2841.000000 1604.000000
426 2829.000000 1597.000000
427 2851.000000 1600.000000
428 2877.000000 1573.000000
429 2869.000000 1582.000000
430 2858.000000 1561.000000
431 2876.000000 1558.000000
432 2905.000000 1574.699951
433 2892.300049 1559.800049
434 2797.000000 1574.000000
435 2795.399902 1587.699951
436 2811.500000 1587.099976
437 2787.000000 1564.000000
438 2843.000000 1582.099976
439 2847.000000 1572.000000
440 2830.000000 1576.000000
441 2814.000000 1572.000000
442 2797.000000 1550.000000
443 2816.000000 1558.000000
444 2810.000000 1542.000000
445 2828.000000 1547.000000
446 2836.000000 1559.000000
447 2826.000000 1530.000000
448 2858.000000 1538.000000
449 2854.000000 1527.000000
450 2831.000000 1521.000000
451 2889.000000 1550.000000
452 2872.000000 1543.000000
453 2880.000000 1528.000000
454 2899.000000 1527.000000
455 2829.600098 1497.699951
456 2831.000000 1507.800049
457 2827.300049 1488.599976
458 2794.000000 1524.000000
459 2801.300049 1511.900024
460 2804.000000 1494.000000
461 2863.000000 1505.000000
462 2852.000000 1509.400024
463 2847.000000 1492.400024
464 2845.899902 1482.599976
465 2906.100098 1543.500000
466 2902.000000 1541.000000
467 2884.000000 1504.000000
468 2886.000000 1515.000000
469 2903.000000 1514.000000
470 2902.000000 1503.000000
471 2912.300049 1508.199951
472 2921.000000 1512.000000
473 2948.000000 1475.000000
474 2683.000000 1495.000000
475 2715.000000 1498.000000
476 2684.000000 1483.000000
477 2713.000000 1480.000000
478 2742.000000 1496.000000
479 2749.100098 1479.599976
480 2734.000000 1473.000000
481 2760.000000 1467.000000
482 2711.000000 1451.000000
483 2733.000000 1454.000000
484 2704.199951 1403.699951
485 2717.000000 1415.500000
486 2706.000000 1431.000000
487 2748.000000 1446.000000
488 2766.000000 1451.000000
489 2745.000000 1434.000000
490 2777.000000 1434.000000
491 2745.000000 1416.000000
492 2765.000000 1494.000000
493 2780.800049 1485.599976
494 2769.000000 1480.000000
495 2792.000000 1465.000000
496 2803.000000 1480.000000
497 2789.000000 1447.000000
498 2836.600098 1464.800049
499 2847.000000 1476.000000
500 2823.800049 1471.400024
501 2820.000000 1460.000000
502 2870.000000 1434.000000
503 2793.000000 1428.000000
504 2805.000000 1443.000000
505 2798.000000 1413.000000
506 2783.000000 1395.000000
507 2784.000000 1402.000000
508 2774.000000 1414.000000
509 2714.199951 1387.199951
510 2732.000000 1400.000000
511 2698.000000 1392.000000
512 2714.000000 1376.000000
513 2751.000000 1382.000000
514 2734.000000 1380.000000
515 2768.000000 1385.000000
516 2756.000000 1400.000000
517 2723.000000 1367.500000
518 2675.000000 1466.000000
519 2694.000000 1465.000000
520 2689.000000 1447.000000
521 2663.000000 1418.000000
522 2672.000000 1440.000000
523 2673.000000 1422.000000
524 2673.000000 1405.000000
525 2685.000000 1414.000000
526 2682.000000 1397.000000
527 2676.199951 1381.800049
528 2961.000000 1704.000000
529 2968.000000 1706.000000
530 2972.000000 1714.000000
531 2951.000000 1701.000000
532 2968.000000 1690.000000
533 2931.000000 1712.000000
534 2957.000000 1677.000000
535 2944.500000 1681.099976
536 2970.000000 1672.000000
537 2967.000000 1663.000000
538 2930.600098 1677.199951
539 2943.000000 1696.000000
540 2933.000000 1697.000000
541 2933.000000 1688.000000
542 2921.000000 1683.000000
543 2923.000000 1700.000000
544 2991.899902 1702.800049
545 3011.000000 1700.000000
546 3038.000000 1700.000000
547 3019.000000 1708.000000
548 3008.000000 1718.000000
549 3011.000000 1676.000000
550 3022.000000 1688.000000
551 3003.000000 1691.000000
552 3028.000000 1673.000000
553 2987.199951 1672.099976
554 2978.000000 1656.000000
555 2996.500000 1665.900024
556 3003.000000 1663.000000
557 2983.600098 1681.099976
558 3023.000000 1652.000000
559 3009.000000 1653.000000
560 3004.000000 1643.000000
561 2987.199951 1643.500000
562 2970.800049 1643.300049
563 2976.500000 1635.900024
564 2940.000000 1633.000000
565 2938.000000 1641.000000
566 2956.000000 1652.000000
567 2947.000000 1640.000000
568 2955.000000 1636.000000
569 2949.300049 1615.900024
570 2933.000000 1626.000000
571 2929.000000 1617.000000
572 2910.000000 1631.000000
573 2914.000000 1618.000000
574 2922.000000 1630.000000
575 2911.000000 1646.000000
576 2905.100098 1641.900024
577 2906.000000 1658.000000
578 2919.000000 1655.000000
579 2926.000000 1642.000000
580 2928.000000 1664.000000
581 2917.899902 1665.500000
582 2944.000000 1663.000000
583 2933.100098 1649.900024
584 2944.000000 1652.000000
585 2946.300049 1667.900024
586 2935.000000 1606.000000
587 2930.199951 1585.199951
588 2946.000000 1585.599976
589 2959.699951 1601.599976
590 2956.199951 1610.400024
591 2942.399902 1600.699951
592 2971.000000 1592.000000
593 2958.000000 1591.000000
594 2947.600098 1593.199951
595 2975.000000 1614.000000
596 2952.000000 1628.000000
597 2966.100098 1627.300049
598 2987.899902 1628.500000
599 2993.000000 1592.000000
600 3006.500000 1601.699951
601 2983.699951 1604.300049
602 2996.000000 1617.000000
603 2945.100098 1575.699951
604 2924.899902 1575.199951
605 2925.000000 1568.000000
606 2938.600098 1566.400024
607 2912.199951 1559.599976
608 2911.699951 1567.500000
609 2924.000000 1554.000000
610 5300.000000 869.000000
611 2957.899902 1560.599976
612 2982.500000 1571.400024
613 3009.899902 1572.800049
614 2960.600098 1577.199951
615 3001.699951 1564.699951
616 3050.000000 1574.000000
617 3032.000000 1578.000000
618 3024.699951 1563.599976
619 3062.000000 1599.000000
620 3047.000000 1590.000000
621 3044.000000 1603.000000
622 3023.500000 1587.800049
623 3068.899902 1575.199951
624 3062.000000 1581.000000
625 3033.300049 1625.000000
626 3054.399902 1630.900024
627 3008.000000 1635.000000
628 3032.000000 1643.000000
629 3011.000000 1622.000000
630 3031.399902 1608.699951
631 3065.399902 1610.400024
632 3076.100098 1622.199951
633 3078.000000 1599.000000
634 3092.300049 1606.699951
635 3097.300049 1591.599976
636 3112.300049 1608.699951
637 3141.699951 1605.199951
638 3121.800049 1600.099976
639 3068.000000 1566.000000
640 3090.699951 1547.500000
641 3112.000000 1573.699951
642 3081.699951 1576.300049
643 3087.600098 1570.000000
644 3085.699951 1557.500000
645 3110.300049 1557.699951
646 3122.000000 1590.000000
647 3150.000000 1564.000000
648 3145.000000 1584.000000
649 3124.000000 1556.000000
650 3132.000000 1569.000000
651 3164.000000 1581.000000
652 3142.000000 1552.000000
653 3150.000000 1534.000000
654 3165.600098 1564.300049
655 3173.000000 1558.000000
656 3167.000000 1545.000000
657 3192.000000 1550.000000
658 384.000000 1081.000000
659 3198.699951 1542.500000
660 3206.500000 1556.099976
661 3183.500000 1574.400024
662 3208.000000 1594.000000
663 3206.600098 1578.900024
664 3205.100098 1510.500000
665 3171.899902 1526.300049
666 3174.300049 1512.000000
667 3198.000000 1527.400024
668 3228.899902 1529.099976
669 3232.500000 1517.300049
670 3236.000000 1556.000000
671 3226.600098 1577.500000
672 3220.199951 1556.199951
673 3239.000000 1548.000000
674 3248.000000 1517.000000
675 3259.000000 1533.000000
676 3256.000000 1565.000000
677 3242.000000 1584.000000
678 3267.000000 1550.000000
679 3057.000000 1708.000000
680 3073.000000 1720.000000
681 3045.000000 1679.000000
682 3062.600098 1653.900024
683 3056.000000 1645.500000
684 3087.000000 1643.000000
685 3098.000000 1632.000000
686 322.000000 823.000000
687 3028.000000 1659.000000
688 3080.300049 1628.400024
689 3094.600098 1619.000000
690 3100.000000 1717.000000
691 3089.000000 1708.000000
692 3071.000000 1698.000000
693 3108.000000 1711.000000
694 3103.000000 1697.000000
695 3133.000000 1728.000000
696 3135.000000 1709.000000
697 3153.300049 1724.500000
698 3142.000000 1742.000000
699 3066.000000 1677.000000
700 3085.000000 1689.000000
701 3079.000000 1668.000000
702 3182.600098 1626.500000
703 3116.699951 1627.800049
704 3127.399902 1617.900024
705 3152.000000 1632.000000
706 3133.600098 1667.699951
707 3166.000000 1714.000000
708 3122.000000 1681.800049
709 3152.000000 1692.000000
710 3109.000000 1671.000000
711 3159.000000 1671.000000
712 3111.000000 1656.000000
713 3133.600098 1649.099976
714 3123.899902 1623.400024
715 3165.000000 1644.400024
716 3122.000000 1641.000000
717 3092.000000 1661.000000
718 3243.000000 1708.000000
719 3170.699951 1688.000000
720 2924.000000 1528.000000
721 2921.300049 1542.099976
722 2936.000000 1541.000000
723 2942.000000 1529.000000
724 2952.399902 1516.900024
725 2932.000000 1513.000000
726 2949.000000 1539.000000
727 2959.000000 1550.000000
728 2971.000000 1536.000000
729 3002.000000 1542.000000
730 2981.000000 1539.000000
731 2993.800049 1530.000000
732 2993.000000 1548.000000
733 3006.399902 1550.099976
734 2977.000000 1552.000000
735 2985.000000 1565.000000
736 3018.000000 1543.000000
737 3013.000000 1549.699951
738 2962.000000 1527.000000
739 2973.000000 1520.000000
740 2962.800049 1513.900024
741 2984.000000 1520.000000
742 2992.000000 1525.000000
743 2994.000000 1513.000000
744 2982.000000 1508.000000
745 2973.000000 1497.000000
746 2972.600098 1510.800049
747 2987.000000 1498.000000
748 2983.000000 1490.000000
749 3004.000000 1471.000000
750 2993.000000 1482.000000
751 3004.500000 1484.199951
752 3011.000000 1498.000000
753 3026.000000 1474.000000
754 3031.000000 1454.500000
755 3045.000000 1446.000000
756 3065.000000 1456.000000
757 3045.000000 1463.000000
758 3081.000000 1447.000000
759 3056.000000 1403.000000
760 3063.000000 1425.000000
761 3059.000000 1445.000000
762 3016.000000 1394.000000
763 3038.000000 1399.000000
764 3034.000000 1387.000000
765 2947.000000 1430.000000
766 2947.000000 1447.000000
767 3050.000000 1560.000000
768 3035.000000 1548.000000
769 3023.000000 1547.000000
770 3023.000000 1533.000000
771 3056.000000 1549.000000
772 3061.399902 1537.199951
773 3044.000000 1536.000000
774 3047.000000 1524.000000
775 3064.100098 1551.300049
776 3076.000000 1546.000000
777 3083.000000 1537.000000
778 3030.000000 1537.000000
779 3094.100098 1538.599976
780 3068.000000 1502.000000
781 3053.000000 1512.000000
782 3083.000000 1491.000000
783 3087.000000 1513.000000
784 3062.100098 1521.400024
785 3077.000000 1527.000000
786 3098.000000 1521.699951
787 3101.699951 1504.099976
788 3087.000000 1497.000000
789 3073.000000 1510.000000
790 3260.000000 543.000000
791 3114.600098 1529.099976
792 3130.000000 1531.000000
793 3100.800049 1532.800049
794 3120.899902 1519.400024
795 3147.000000 1514.000000
796 3131.000000 1506.900024
797 3117.600098 1504.900024
798 3144.000000 1499.000000
799 3151.000000 1486.000000
800 3108.800049 1480.000000
801 474.000000 479.000000
802 3138.000000 1486.000000
803 3128.699951 1479.099976
804 3120.000000 1497.000000
805 3162.899902 1451.900024
806 3154.000000 1471.000000
807 3138.000000 1463.000000
808 3172.399902 1466.300049
809 3170.000000 1486.000000
810 3173.000000 1503.000000
811 3214.000000 1505.000000
812 3194.100098 1491.699951
813 3220.300049 1494.300049
814 3236.699951 1491.900024
815 3197.199951 1465.500000
816 3216.000000 1484.000000
817 3228.100098 1477.500000
818 3238.000000 1507.000000
819 3139.899902 1443.000000
820 3143.399902 1436.000000
821 3151.699951 1445.199951
822 3171.000000 1447.000000
823 3181.000000 1458.000000
824 3128.100098 1427.500000
825 3135.600098 1421.699951
826 3114.800049 1426.300049
827 3127.000000 1403.000000
828 3221.000000 1457.000000
829 3199.399902 1455.900024
830 3214.399902 1457.300049
831 3154.199951 1424.699951
832 3162.000000 1428.000000
833 3143.000000 1429.000000
834 3176.000000 1400.000000
835 3161.399902 1405.699951
836 3151.000000 1417.000000
837 3140.899902 1409.099976
838 3176.100098 1407.300049
839 3157.000000 1384.000000
840 3160.100098 1393.099976
841 3148.000000 1385.000000
842 3147.100098 1395.099976
843 3215.000000 1391.000000
844 3215.000000 1422.000000
845 3203.000000 1381.000000
846 3242.000000 1366.000000
847 3182.000000 1351.000000
848 3204.000000 1344.000000
849 3119.899902 1456.000000
850 3117.100098 1473.699951
851 3111.000000 1460.000000
852 3114.000000 1444.500000
853 3125.000000 1443.000000
854 3031.000000 1360.000000
855 3328.000000 1345.000000
856 3319.000000 1343.000000
857 3335.000000 1349.000000
858 3236.100098 1462.300049
859 3231.000000 1454.000000
860 3253.000000 1460.000000
861 3265.399902 1453.900024
862 3276.399902 1448.599976
863 3264.000000 1435.099976
864 3242.000000 1429.000000
865 3226.000000 1435.000000
866 3286.000000 1414.000000
867 3267.000000 1426.000000
868 3290.000000 1430.000000
869 3240.000000 1399.000000
870 3245.000000 1410.000000
871 3263.000000 1400.000000
872 3253.000000 1382.000000
873 3318.000000 1401.000000
874 3284.000000 1394.000000
875 3292.000000 1383.000000
876 3317.000000 1433.000000
877 3352.000000 1443.000000
878 3357.300049 1404.099976
879 3386.000000 1432.000000
880 3327.000000 1460.000000
881 3301.000000 1452.000000
882 3435.000000 1451.000000
883 3363.000000 1463.000000
884 3398.000000 1451.000000
885 3480.000000 1444.000000
886 3469.100098 1454.599976
887 3451.000000 1438.000000
888 3421.000000 1428.000000
889 3412.000000 1405.800049
890 3486.000000 1418.000000
891 3454.000000 1416.000000
892 3480.000000 1388.099976
893 3443.000000 1396.000000
894 3360.000000 1389.000000
895 3340.000000 1380.000000
896 3381.000000 1395.000000
897 3388.000000 1363.000000
898 3388.699951 1376.900024
899 3414.000000 1391.000000
900 3371.000000 1367.000000
901 3433.000000 1368.000000
902 3371.000000 1314.000000
903 3388.000000 1337.000000
904 3403.000000 1356.000000
905 3371.899902 1343.699951
906 3386.699951 1304.800049
907 3416.000000 1333.000000
908 3373.000000 1281.000000
909 3365.000000 1297.000000
910 3396.000000 1299.000000
911 3376.000000 1263.000000
912 3369.000000 1323.000000
913 3363.000000 1323.000000
914 3369.300049 1332.599976
915 3359.000000 1315.000000
916 3357.000000 1303.000000
917 3355.000000 1283.000000
918 3356.000000 1293.000000
919 3349.699951 1284.300049
920 3346.000000 1278.000000
921 3350.000000 1268.000000
922 3357.000000 1253.000000
923 3466.000000 1354.599976
924 3492.000000 1372.000000
925 3505.600098 1346.099976
926 3498.399902 1310.500000
927 3483.100098 1327.699951
928 3508.000000 1321.000000
929 3491.000000 1301.000000
930 3530.000000 1296.000000
931 3453.000000 1308.000000
932 3552.000000 1261.000000
933 3537.399902 1266.199951
934 3506.000000 1268.000000
935 3548.000000 1243.000000
936 3185.000000 1705.000000
937 3179.000000 1679.000000
938 3218.000000 1711.000000
939 3209.199951 1694.099976
940 3214.000000 1682.000000
941 3250.000000 1687.000000
942 3261.000000 1670.000000
943 3311.000000 1726.000000
944 3295.000000 1711.000000
945 3275.000000 1734.000000
946 3258.000000 1750.000000
947 3231.000000 1739.000000
948 3269.000000 1712.000000
949 3289.000000 1687.000000
950 3169.000000 1597.000000
951 3170.600098 1612.000000
952 3203.000000 1616.000000
953 3191.000000 1604.000000
954 3253.000000 1607.000000
955 3229.000000 1621.000000
956 3211.000000 1641.000000
957 3196.000000 1655.000000
958 3279.000000 1637.000000
959 3253.000000 1651.000000
960 3271.000000 1620.000000
961 3303.000000 1611.000000
962 3309.000000 1661.000000
963 3334.000000 1632.000000
964 3338.000000 1538.000000
965 3325.000000 1559.000000
966 3367.000000 1533.000000
967 3342.000000 1526.000000
968 3285.000000 1565.000000
969 3278.000000 1577.400024
970 3317.000000 1571.000000
971 3316.000000 1586.000000
972 3344.899902 1583.900024
973 3359.000000 1574.000000
974 3380.000000 1607.000000
975 3391.000000 1585.699951
976 3396.000000 1577.000000
977 3365.000000 1668.000000
978 3387.000000 1624.000000
979 3424.000000 1583.000000
980 3417.000000 1612.000000
981 3469.000000 1956.000000
982 3280.000000 2083.000000
983 3350.000000 2028.000000
984 3312.000000 1960.699951
985 3567.000000 1965.000000
986 3633.000000 2025.000000
987 3544.600098 1890.400024
988 3366.000000 1921.000000
989 3425.000000 1829.199951
990 3540.000000 1836.000000
991 3466.000000 1847.000000
992 3384.000000 1832.500000
993 3414.000000 1892.000000
994 3284.000000 1848.000000
995 3329.000000 1880.000000
996 3267.000000 1828.000000
997 3254.000000 1814.000000
998 3380.000000 1796.000000
999 3334.100098 1756.000000
1000 3345.000000 1782.000000
1001 3422.500000 1796.000000
1002 4674.000000 1627.000000
1003 3302.000000 1811.000000
1004 3337.000000 1841.000000
1005 3340.000000 1805.000000
1006 3262.000000 1783.000000
1007 3296.000000 1765.000000
1008 3389.000000 1749.000000
1009 3369.000000 1759.000000
1010 3371.000000 1734.000000
1011 3391.000000 1716.000000
1012 3424.000000 1722.000000
1013 3426.000000 1763.000000
1014 3343.000000 1742.000000
1015 3354.000000 1717.000000
1016 3325.899902 1688.099976
1017 3382.000000 1691.000000
1018 3377.000000 1646.000000
1019 3420.000000 1651.000000
1020 3495.000000 1756.000000
1021 3496.000000 1702.000000
1022 3459.000000 1779.000000
1023 3463.000000 1801.000000
1024 3490.000000 1811.000000
1025 3453.000000 1695.000000
1026 3702.000000 1828.000000
1027 3516.000000 1797.000000
1028 3573.000000 1806.000000
1029 3640.000000 1822.000000
1030 3563.000000 1758.000000
1031 3623.000000 1781.000000
1032 3595.000000 1731.000000
1033 3535.000000 1731.000000
1034 3606.000000 1711.000000
1035 3550.000000 1704.000000
1036 3555.000000 1553.000000
1037 3511.000000 1673.000000
1038 3542.000000 1651.000000
1039 3493.000000 1624.000000
1040 3519.000000 1607.000000
1041 3513.000000 1566.000000
1042 3684.000000 1724.000000
1043 3584.000000 1679.000000
1044 3664.000000 1681.000000
1045 3461.000000 1618.000000
1046 3469.000000 1586.000000
1047 3438.000000 1573.000000
1048 3425.000000 1557.000000
1049 3407.000000 1530.000000
1050 3479.000000 1545.000000
1051 3449.000000 1507.000000
1052 3550.000000 1478.000000
1053 3537.300049 1485.400024
1054 3498.899902 1489.000000
1055 3522.000000 1511.000000
1056 3486.000000 1506.000000
1057 3533.000000 1519.000000
1058 3749.000000 1814.000000
1059 3750.000000 1742.000000
1060 3729.000000 1674.000000
1061 3836.000000 1780.000000
1062 3821.000000 1866.000000
1063 4187.000000 1776.099976
1064 4036.000000 1737.000000
1065 4009.000000 1942.000000
1066 3946.000000 1844.000000
1067 4164.000000 1714.000000
1068 4162.000000 1653.000000
1069 4666.000000 1895.000000
1070 4249.000000 1864.000000
1071 4805.000000 2013.000000
1072 5013.299805 1848.500000
1073 5316.000000 1946.000000
1074 5275.000000 1728.000000
1075 4404.000000 1707.000000
1076 4381.000000 1771.000000
1077 4295.000000 1746.000000
1078 4536.000000 1670.000000
1079 4631.000000 1667.000000
1080 4852.000000 1778.000000
1081 4700.000000 1732.000000
1082 4890.000000 1520.000000
1083 4961.000000 1608.000000
1084 4950.000000 1684.000000
1085 4849.000000 1655.000000
1086 5038.000000 1661.000000
1087 5027.000000 1602.000000
1088 5178.000000 1586.000000
1089 5107.000000 1527.000000
1090 3512.399902 1463.800049
1091 3506.100098 1475.000000
1092 3475.000000 1478.199951
1093 3486.000000 1465.000000
1094 3459.000000 1476.000000
1095 3449.000000 1496.000000
1096 3463.600098 1465.300049
1097 5387.000000 417.000000
1098 3505.000000 1437.400024
1099 3500.300049 1451.000000
1100 3524.000000 1428.000000
1101 3514.800049 1420.400024
1102 3572.000000 1447.000000
1103 3566.000000 1458.000000
1104 3550.000000 1447.000000
1105 3528.000000 1451.000000
1106 3541.000000 1435.000000
1107 3567.500000 1421.699951
1108 3538.199951 1391.000000
1109 3513.000000 1407.400024
1110 3508.399902 1381.699951
1111 3530.000000 1380.000000
1112 3550.000000 1411.000000
1113 3581.000000 1383.000000
1114 3619.000000 1366.000000
1115 3636.000000 1367.000000
1116 3667.000000 1387.000000
1117 3537.000000 1329.800049
1118 3540.000000 1357.000000
1119 3532.000000 1313.000000
1120 3562.000000 1322.000000
1121 3612.000000 1361.000000
1122 3562.600098 1338.199951
1123 3562.000000 1372.000000
1124 3584.000000 1363.000000
1125 3594.000000 1348.000000
1126 3641.000000 1340.000000
1127 3611.000000 1304.000000
1128 3583.899902 1321.800049
1129 3639.000000 1313.000000
1130 3661.000000 1287.000000
1131 3572.000000 1285.000000
1132 3576.000000 1266.000000
1133 3569.000000 1305.000000
1134 3600.000000 1281.000000
1135 3634.000000 1249.000000
1136 3599.000000 1243.000000
1137 3639.000000 1272.000000
1138 3629.000000 1227.000000
1139 3675.000000 1259.000000
1140 3706.000000 1270.000000
1141 3653.000000 1216.000000
1142 3685.000000 1214.000000
1143 3709.000000 1229.000000
1144 3758.000000 1229.000000
1145 3712.000000 1187.000000
1146 3750.000000 1185.000000
1147 3742.000000 1365.000000
1148 3717.000000 1315.000000
1149 3693.000000 1352.000000
1150 3706.000000 1386.000000
1151 3457.100098 1105.400024
1152 3425.000000 1104.000000
1153 3425.000000 1172.000000
1154 3373.000000 1219.000000
1155 3483.000000 1071.000000
1156 3419.000000 1253.000000
1157 3534.800049 1161.400024
1158 3497.000000 1234.000000
1159 3509.000000 1124.000000
1160 3472.000000 1195.000000
1161 3560.500000 1080.000000
1162 3594.000000 1187.000000
1163 3564.000000 1207.000000
1164 3576.000000 1168.000000
1165 3604.000000 1174.000000
1166 3712.000000 1145.000000
1167 3647.399902 1143.000000
1168 3679.000000 1176.000000
1169 3683.100098 1142.699951
1170 3692.000000 1129.000000
1171 3723.000000 1124.000000
1172 3690.000000 1088.000000
1173 3571.300049 1014.000000
1174 3649.000000 1060.000000
1175 3604.000000 1048.000000
1176 3536.199951 991.799988
1177 3647.000000 962.000000
1178 3511.000000 1027.000000
1179 3476.800049 1001.400024
1180 3499.000000 990.000000
1181 3917.000000 1643.000000
1182 3609.000000 1586.000000
1183 3706.000000 1627.000000
1184 3876.000000 1712.000000
1185 3910.000000 1529.000000
1186 4006.000000 1509.000000
1187 4045.000000 1612.000000
1188 4074.000000 1572.000000
1189 3944.000000 1470.000000
1190 4006.000000 1468.000000
1191 3757.000000 1493.000000
1192 3706.000000 1507.000000
1193 3804.000000 1523.000000
1194 3644.000000 1512.000000
1195 3893.000000 1458.000000
1196 3740.000000 1455.000000
1197 3866.000000 1480.000000
1198 3810.000000 1466.000000
1199 3854.000000 1441.000000
1200 3849.000000 1413.000000
1201 3881.000000 1428.000000
1202 3924.000000 1453.000000
1203 3927.000000 1434.000000
1204 3724.000000 1418.000000
1205 3664.300049 1423.699951
1206 3790.000000 1395.000000
1207 3892.000000 1408.000000
1208 3945.000000 1408.000000
1209 3882.000000 1347.000000
1210 3903.000000 1382.000000
1211 3841.000000 1372.000000
1212 3783.000000 1330.000000
1213 3827.000000 1319.000000
1214 3784.000000 1291.000000
1215 3823.000000 1271.000000
1216 3911.000000 1350.000000
1217 3884.000000 1319.000000
1218 3907.000000 1307.000000
1219 3873.000000 1265.000000
1220 3798.000000 1240.000000
1221 3828.000000 1219.000000
1222 3796.000000 1181.000000
1223 3940.000000 1341.400024
1224 3977.000000 1325.000000
1225 3978.000000 1357.000000
1226 4017.000000 1317.099976
1227 3954.000000 1274.000000
1228 3918.000000 1258.000000
1229 3964.000000 1296.000000
1230 3946.000000 1317.000000
1231 3922.000000 1236.000000
1232 3932.600098 1291.699951
1233 3983.000000 1285.000000
1234 3985.000000 1267.000000
1235 4013.000000 1282.000000
1236 4008.000000 1230.000000
1237 3995.000000 1245.000000
1238 4044.000000 1251.400024
1239 4040.000000 1232.000000
1240 4032.000000 1213.000000
1241 4051.000000 1188.000000
1242 4063.000000 1213.000000
1243 4074.899902 1173.199951
1244 4082.000000 1207.000000
1245 4103.000000 1174.000000
1246 4107.000000 1200.000000
1247 4138.000000 1190.000000
1248 4134.000000 1161.000000
1249 4143.000000 1135.000000
1250 4167.000000 1168.000000
1251 4178.000000 1126.000000
1252 4183.000000 1192.000000
1253 4175.000000 1145.000000
1254 4223.000000 1163.000000
1255 4199.000000 1171.000000
1256 4203.000000 1136.000000
1257 4244.000000 1134.000000
1258 4234.000000 1189.000000
1259 4269.000000 1173.000000
1260 4278.000000 1203.000000
1261 4151.000000 1094.000000
1262 4140.000000 1113.000000
1263 4110.000000 1102.000000
1264 3969.000000 1190.000000
1265 3911.899902 1200.400024
1266 3941.000000 1189.000000
1267 3958.000000 1232.000000
1268 3997.000000 1205.000000
1269 3981.000000 1178.000000
1270 4017.000000 1166.000000
1271 3988.000000 1135.000000
1272 4018.000000 1140.000000
1273 4051.000000 1166.000000
1274 4079.000000 1158.000000
1275 4054.000000 1142.000000
1276 4024.000000 1123.000000
1277 4052.000000 1098.000000
1278 4015.000000 1094.000000
1279 4077.000000 1071.000000
1280 4086.000000 1103.000000
1281 4088.000000 1125.000000
1282 4106.000000 1137.000000
1283 4031.600098 1037.900024
1284 3994.000000 1077.000000
1285 4032.000000 1067.000000
1286 4010.000000 1045.000000
1287 4054.000000 1044.000000
1288 3865.199951 1161.000000
1289 3879.000000 1215.000000
1290 3892.000000 1170.000000
1291 3940.000000 1133.000000
1292 3912.000000 1120.000000
1293 3896.000000 1147.000000
1294 3946.000000 1144.000000
1295 3955.000000 1122.000000
1296 3947.000000 1092.000000
1297 3947.000000 1059.000000
1298 3973.000000 1103.000000
1299 3968.000000 1068.000000
1300 3986.000000 1038.000000
1301 3962.000000 1036.000000
1302 3978.000000 1008.000000
1303 3963.000000 1008.000000
1304 4045.000000 969.000000
1305 4100.000000 1058.000000
1306 4067.000000 1029.000000
1307 4050.000000 999.000000
1308 4025.000000 1001.000000
1309 4040.000000 933.000000
1310 4026.000000 916.000000
1311 4022.000000 951.000000
1312 4048.000000 953.000000
1313 4015.000000 973.000000
1314 4002.000000 962.000000
1315 3991.000000 985.000000
1316 3980.199951 961.700012
1317 3997.000000 942.000000
1318 4004.000000 920.000000
1319 4010.000000 895.000000
1320 4249.000000 931.000000
1321 4055.000000 864.000000
1322 4059.000000 899.000000
1323 4068.000000 873.000000
1324 4079.000000 880.000000
1325 3938.000000 819.000000
1326 4159.000000 1212.000000
1327 4095.000000 1233.000000
1328 4187.000000 1212.000000
1329 4218.000000 1203.699951
1330 4304.000000 1035.000000
1331 4288.000000 1035.000000
1332 4313.000000 1050.000000
1333 4314.000000 1066.000000
1334 4299.000000 1129.000000
1335 4308.000000 1088.000000
1336 4286.299805 1089.400024
1337 4294.000000 1073.000000
1338 4342.000000 1097.000000
1339 4276.000000 1143.000000
1340 4337.000000 1130.000000
1341 4327.000000 1201.000000
1342 4314.000000 1164.000000
1343 4336.000000 1006.000000
1344 4353.000000 954.000000
1345 4258.000000 1102.000000
1346 4377.600098 982.400024
1347 4376.000000 998.000000
1348 4358.000000 1017.000000
1349 4377.000000 1033.000000
1350 4404.000000 1005.000000
1351 4392.000000 983.000000
1352 4353.000000 887.000000
1353 4357.000000 983.000000
1354 4362.000000 898.000000
1355 4344.000000 1066.000000
1356 4419.000000 1088.000000
1357 4414.000000 1065.000000
1358 4422.000000 1034.000000
1359 4439.000000 1004.000000
1360 4389.000000 1071.000000
1361 4453.000000 1036.000000
1362 4468.000000 1017.000000
1363 4458.000000 997.000000
1364 4444.000000 952.000000
1365 4397.000000 967.000000
1366 4430.000000 980.000000
1367 4421.000000 944.000000
1368 4473.000000 971.000000
1369 4454.000000 1102.000000
1370 4465.200195 1092.199951
1371 4449.000000 1127.000000
1372 4428.000000 1113.000000
1373 4470.000000 1114.000000
1374 4448.000000 1078.000000
1375 4481.000000 1026.000000
1376 4459.000000 1052.000000
1377 4494.000000 1011.000000
1378 4494.000000 973.000000
1379 4505.899902 972.700012
1380 4478.000000 937.000000
1381 4493.000000 948.000000
1382 4453.000000 928.000000
1383 4454.000000 912.000000
1384 4426.000000 783.000000
1385 4420.000000 794.000000
1386 4404.299805 794.700012
1387 4396.000000 807.000000
1388 4377.000000 846.000000
1389 4377.000000 858.000000
1390 4406.000000 820.000000
1391 4404.000000 842.000000
1392 4388.000000 862.000000
1393 4595.000000 830.000000
1394 4550.000000 782.700012
1395 4586.000000 807.000000
1396 4618.000000 844.000000
1397 4639.000000 845.000000
1398 4419.000000 737.000000
1399 4434.000000 714.000000
1400 4406.000000 753.000000
1401 4386.000000 777.000000
1402 4436.000000 775.000000
1403 4444.000000 689.000000
1404 4467.000000 719.000000
1405 4320.000000 832.000000
1406 4357.000000 808.000000
1407 4324.000000 813.000000
1408 4380.000000 753.000000
1409 4348.000000 798.000000
1410 4408.000000 707.000000
1411 4350.000000 740.000000
1412 3500.000000 971.000000
1413 4480.000000 664.000000
1414 4480.000000 651.000000
1415 4503.000000 652.000000
1416 4520.000000 644.000000
1417 4533.000000 654.000000
1418 4552.000000 650.000000
1419 4544.000000 639.000000
1420 4571.000000 635.000000
1421 4564.000000 669.000000
1422 4590.000000 748.000000
1423 4593.000000 718.000000
1424 4618.000000 723.000000
1425 4625.000000 804.000000
1426 4526.000000 763.000000
1427 4551.000000 730.000000
1428 4561.000000 765.000000
1429 4625.000000 768.000000
1430 4674.000000 684.000000
1431 4683.000000 706.000000
1432 4674.000000 724.000000
1433 4726.000000 773.000000
1434 4702.000000 741.000000
1435 4680.000000 747.000000
1436 4705.000000 712.000000
1437 4719.000000 683.000000
1438 4604.000000 630.000000
1439 4703.000000 624.000000
1440 4637.000000 625.000000
1441 4681.000000 607.000000
1442 4623.700195 624.299988
1443 4730.000000 592.000000
1444 4756.000000 630.000000
1445 4746.799805 607.500000
1446 4769.200195 619.099976
1447 4800.000000 737.000000
1448 4803.000000 774.000000
1449 4783.000000 710.000000
1450 4818.000000 713.000000
1451 4858.000000 643.000000
1452 4928.000000 746.000000
1453 4879.000000 742.000000
1454 4968.000000 712.000000
1455 4700.000000 988.000000
1456 4700.000000 1036.000000
1457 4725.000000 981.000000
1458 4697.000000 969.000000
1459 4663.000000 920.000000
1460 4718.000000 940.000000
1461 4760.000000 952.000000
1462 4749.000000 888.000000
1463 4765.000000 881.000000
1464 4696.000000 854.000000
1465 4459.000000 1591.000000
1466 4437.000000 1512.000000
1467 4568.000000 1591.000000
1468 4350.000000 1536.000000
1469 4302.000000 1672.000000
1470 4627.000000 1269.000000
1471 4640.000000 1265.000000
1472 4636.000000 1308.000000
1473 4649.000000 1255.000000
1474 4633.799805 1281.500000
1475 4659.000000 1272.000000
1476 4654.000000 1311.000000
1477 4651.000000 1296.000000
1478 4617.000000 1316.000000
1479 4735.000000 1447.000000
1480 4707.000000 1464.000000
1481 4705.299805 1417.199951
1482 4664.000000 1200.000000
1483 4650.000000 1215.000000
1484 4654.000000 1178.000000
1485 4692.000000 1155.000000
1486 4633.000000 1183.000000
1487 4640.399902 1154.900024
1488 4314.000000 1436.000000
1489 4443.000000 1336.000000
1490 4411.000000 1373.000000
1491 4463.600098 1391.199951
1492 4474.000000 1369.000000
1493 4575.000000 1142.000000
1494 4619.000000 1154.000000
1495 4532.000000 1115.000000
1496 4586.000000 1126.000000
1497 4602.000000 1141.000000
1498 4574.000000 1128.000000
1499 4519.000000 1073.000000
1500 4575.000000 1166.000000
1501 4558.000000 1133.000000
1502 4485.000000 1141.000000
1503 4491.000000 1164.000000
1504 4533.000000 1149.000000
1505 4482.000000 1189.000000
1506 4450.000000 1197.000000
1507 4500.000000 1209.000000
1508 4585.000000 1340.000000
1509 4612.000000 1334.000000
1510 4552.000000 1329.400024
1511 4567.200195 1345.800049
1512 4598.000000 1324.000000
1513 4563.000000 1306.000000
1514 4598.000000 1300.000000
1515 4587.000000 1357.000000
1516 4581.000000 1267.000000
1517 4578.000000 1286.000000
1518 4603.799805 1267.000000
1519 4569.000000 1275.000000
1520 4556.000000 1263.000000
1521 4526.000000 1259.000000
1522 4593.600098 1252.400024
1523 4542.000000 1298.000000
1524 4563.000000 1226.000000
1525 4544.000000 1248.000000
1526 4532.000000 1198.000000
1527 4573.399902 1190.300049
1528 4576.000000 1245.000000
1529 4526.000000 1227.000000
1530 4555.000000 1177.000000
1531 5150.000000 721.000000
1532 4521.000000 1435.000000
1533 4718.000000 1537.000000
1534 4608.000000 1509.000000
1535 4432.000000 1448.000000
1536 4672.000000 1325.000000
1537 4683.000000 1288.000000
1538 4701.000000 1277.000000
1539 4690.399902 1277.800049
1540 4703.000000 1289.000000
1541 4688.000000 1298.000000
1542 4648.000000 1335.000000
1543 4679.000000 1308.000000
1544 4671.000000 1289.000000
1545 4604.299805 1227.599976
1546 4644.000000 1229.000000
1547 4595.000000 1207.000000
1548 4623.000000 1215.000000
1549 4612.000000 1246.000000
1550 4603.000000 1182.000000
1551 4633.000000 1241.000000
1552 4757.000000 1593.000000
1553 4768.000000 1639.000000
1554 4846.000000 1544.000000
1555 4780.000000 1495.000000
1556 4289.000000 1395.000000
1557 4361.000000 1353.000000
1558 4276.000000 1338.000000
1559 4499.000000 1341.000000
1560 4987.000000 663.000000
1561 4517.000000 1385.000000
1562 4489.000000 1314.000000
1563 4627.000000 1381.000000
1564 4616.000000 1350.000000
1565 4688.000000 1385.000000
1566 4685.000000 1372.000000
1567 4658.000000 1376.000000
1568 4632.000000 1363.000000
1569 4709.799805 1385.500000
1570 4646.000000 1396.000000
1571 4659.000000 1358.000000
1572 4562.000000 1398.000000
1573 4546.000000 1382.000000
1574 4569.000000 1366.000000
1575 4543.000000 1355.000000
1576 4576.000000 1438.000000
1577 4484.000000 1252.000000
1578 4431.700195 1266.300049
1579 4467.000000 1296.000000
1580 4433.000000 1254.000000
1581 4509.000000 1275.000000
1582 4406.000000 1302.000000
1583 4479.000000 1274.000000
1584 4445.899902 1269.000000
1585 4404.000000 1226.000000
1586 4376.000000 1259.000000
1587 4254.000000 1256.199951
1588 4293.000000 1277.000000
1589 4177.000000 1249.000000
1590 4245.000000 1234.000000
1591 4136.000000 1324.000000
1592 4091.000000 1283.000000
1593 4284.000000 1231.000000
1594 4010.000000 1406.000000
1595 4101.000000 1522.000000
1596 4182.000000 1561.000000
1597 4069.000000 1464.000000
1598 4107.000000 1388.000000
1599 4272.000000 1497.000000
1600 4176.000000 1479.000000
1601 4419.000000 1185.000000
1602 4367.000000 1178.000000
1603 4417.000000 1145.000000
1604 4671.000000 1257.000000
1605 4677.000000 1273.000000
1606 4692.000000 1271.000000
1607 4670.000000 1241.000000
1608 4703.000000 1254.000000
1609 4689.000000 1255.000000
1610 4696.000000 1241.000000
1611 4676.000000 1224.000000
1612 4605.000000 1421.000000
1613 4663.000000 1470.000000
1614 4597.000000 1382.000000
1615 4610.000000 1397.000000
1616 4607.000000 1448.000000
1617 4628.000000 1408.000000
1618 4595.000000 1404.000000
1619 4775.000000 1427.000000
1620 4770.000000 1447.000000
1621 4796.000000 1440.000000
1622 4829.000000 1477.000000
1623 4813.000000 1454.000000
1624 4794.000000 1392.000000
1625 4788.000000 1410.000000
1626 4769.000000 1403.000000
1627 4770.000000 1412.000000
1628 4786.000000 1387.000000
1629 4797.700195 1413.400024
1630 4806.000000 1400.000000
1631 4815.000000 1385.000000
1632 4810.000000 1351.000000
1633 4811.000000 1362.000000
1634 4821.000000 1367.000000
1635 4789.000000 1349.000000
1636 4793.000000 1374.000000
1637 4781.000000 1312.000000
1638 4878.000000 1339.000000
1639 4893.000000 1344.000000
1640 4858.000000 1330.000000
1641 4883.000000 1348.000000
1642 4998.000000 1485.000000
1643 5024.000000 1507.000000
1644 5051.000000 1501.000000
1645 4972.000000 1386.000000
1646 4938.299805 1369.400024
1647 4934.000000 1360.000000
1648 4948.700195 1371.099976
1649 4986.000000 1357.000000
1650 4993.000000 1351.000000
1651 4981.000000 1351.000000
1652 4980.000000 1363.000000
1653 4994.500000 1364.199951
1654 5013.000000 1164.000000
1655 4922.000000 1336.000000
1656 4919.000000 1324.000000
1657 4923.899902 1346.199951
1658 4932.000000 1333.000000
1659 4910.000000 1348.000000
1660 4846.000000 1318.000000
1661 4836.000000 1311.000000
1662 4845.000000 1287.000000
1663 4853.000000 1294.000000
1664 4851.000000 1309.000000
1665 4886.000000 1317.000000
1666 4880.000000 1321.000000
1667 4902.000000 1326.000000
1668 5007.000000 1410.000000
1669 4994.000000 1390.000000
1670 5012.000000 1429.000000
1671 4997.000000 1434.000000
1672 5003.000000 1450.000000
1673 4993.000000 1410.000000
1674 4983.000000 1375.000000
1675 4946.000000 1360.000000
1676 4969.000000 1351.000000
1677 4961.000000 1368.000000
1678 4803.000000 1194.000000
1679 4825.000000 1223.000000
1680 2731.000000 1322.000000
1681 2725.000000 1337.000000
1682 2717.000000 1315.000000
1683 2746.000000 1328.000000
1684 2763.000000 1328.000000
1685 2703.000000 1324.000000
1686 2714.000000 1349.000000
1687 2726.000000 1347.000000
1688 2746.000000 1345.000000
1689 2762.000000 1344.000000
1690 2691.000000 1288.000000
1691 2682.100098 1307.500000
1692 2703.000000 1304.000000
1693 2659.000000 1282.000000
1694 2661.000000 1252.000000
1695 2648.600098 1240.400024
1696 2640.000000 1222.000000
1697 2765.000000 1301.699951
1698 2729.000000 1286.000000
1699 2693.000000 1262.000000
1700 2860.000000 1371.000000
1701 2899.000000 1375.000000
1702 2887.000000 1363.000000
1703 2839.000000 1361.000000
1704 2795.000000 1354.000000
1705 2784.000000 1344.000000
1706 2823.000000 1367.000000
1707 2809.300049 1342.800049
1708 2924.000000 1364.000000
1709 2928.000000 1374.000000
1710 2916.000000 1342.800049
1711 2882.000000 1294.099976
1712 2912.000000 1322.000000
1713 2851.000000 1332.000000
1714 2779.000000 1247.300049
1715 2802.000000 1318.699951
1716 2717.000000 1221.000000
1717 2762.000000 1194.000000
1718 2843.000000 1205.000000
1719 2923.000000 1247.000000
1720 2838.600098 1264.000000
1721 2914.000000 1119.000000
1722 2838.000000 1148.000000
1723 1558.199951 1098.199951
1724 2913.000000 1160.500000
1725 2963.000000 1372.000000
1726 2950.000000 1378.000000
1727 2947.000000 1350.000000
1728 2969.000000 1347.000000
1729 2958.000000 1302.000000
1730 2968.000000 1317.000000
1731 3001.000000 1302.000000
1732 3014.699951 1273.400024
1733 3040.000000 1287.000000
1734 3082.000000 1266.000000
1735 3127.000000 1281.000000
1736 3148.000000 1291.000000
1737 3180.000000 1276.000000
1738 3158.600098 1228.800049
1739 3146.000000 1175.000000
1740 3086.000000 1230.000000
1741 3028.000000 1156.099976
1742 3016.000000 1223.000000
1743 2979.000000 1204.000000
1744 2978.000000 1260.000000
1745 3295.000000 1257.000000
1746 3293.000000 1275.500000
1747 3282.000000 1266.000000
1748 3294.000000 1268.000000
1749 3302.500000 1258.199951
1750 3286.000000 1253.000000
1751 3272.600098 1267.000000
1752 3242.000000 1271.000000
1753 3213.000000 1280.000000
1754 3212.000000 1261.000000
1755 3306.899902 1262.199951
1756 3326.000000 1266.000000
1757 3335.000000 1245.000000
1758 3236.000000 1160.000000
1759 3248.000000 1237.000000
1760 3280.000000 1197.000000
1761 3291.000000 1148.000000
1762 3293.500000 1196.400024
1763 3297.000000 1236.000000
1764 3294.699951 1214.199951
1765 3282.000000 1233.000000
1766 3310.699951 1124.199951
1767 3312.000000 1173.000000
1768 3331.000000 1153.000000
1769 3317.100098 1191.199951
1770 3328.800049 1193.199951
1771 3352.000000 1152.000000
1772 3312.000000 1226.000000
1773 2636.000000 1204.000000
1774 2585.000000 1144.000000
1775 2564.000000 1078.000000
1776 2560.000000 1033.000000
1777 2591.000000 1034.000000
1778 2612.000000 1018.000000
1779 2612.000000 1071.000000
1780 2646.000000 1037.000000
1781 2692.000000 1086.099976
1782 2652.000000 1145.000000
1783 2541.000000 1000.000000
1784 2554.100098 1020.299988
1785 2571.000000 982.000000
1786 2564.899902 1003.500000
1787 2556.300049 996.400024
1788 2571.000000 991.000000
1789 2576.000000 1022.000000
1790 2593.000000 1006.000000
1791 2607.000000 982.000000
1792 2558.500000 965.700012
1793 2588.000000 972.000000
1794 2683.000000 967.000000
1795 2629.000000 978.799988
1796 2653.000000 999.000000
1797 2656.000000 974.000000
1798 2690.000000 941.000000
1799 2717.000000 959.000000
1800 2709.000000 984.000000
1801 2696.000000 999.000000
1802 2733.000000 1000.000000
1803 2747.899902 1024.900024
1804 2763.000000 1006.000000
1805 2801.000000 1015.000000
1806 2748.000000 1125.000000
1807 2841.000000 1044.000000
1808 2843.000000 998.000000
1809 2826.000000 982.000000
1810 2875.000000 996.000000
1811 2914.000000 999.000000
1812 2942.000000 1038.000000
1813 2897.000000 1054.000000
1814 2997.000000 1108.000000
1815 2962.000000 996.000000
1816 2996.000000 989.000000
1817 3011.000000 1050.000000
1818 3067.000000 952.000000
1819 3049.000000 908.000000
1820 3073.000000 912.000000
1821 3114.000000 994.000000
1822 3126.000000 929.000000
1823 3110.000000 953.000000
1824 3047.000000 1002.000000
1825 3082.000000 1079.000000
1826 3143.000000 1055.000000
1827 3313.800049 1014.099976
1828 3329.100098 996.099976
1829 3358.000000 1011.000000
1830 3341.699951 952.299988
1831 3313.000000 968.000000
1832 3321.000000 923.000000
1833 3380.000000 1083.000000
1834 3361.000000 1125.000000
1835 3295.000000 1082.000000
1836 3360.000000 1087.000000
1837 3334.000000 1039.699951
1838 3269.000000 1003.000000
1839 3247.000000 951.000000
1840 3285.000000 944.000000
1841 3203.000000 957.000000
1842 3204.000000 1022.000000
1843 3231.000000 900.000000
1844 3293.000000 887.000000
1845 3255.000000 843.200012
1846 3303.000000 837.000000
1847 3339.000000 854.000000
1848 3410.000000 1003.000000
1849 3410.000000 1031.000000
1850 3392.000000 1018.000000
1851 3457.000000 981.000000
1852 3396.000000 976.000000
1853 3419.000000 941.000000
1854 3376.000000 960.000000
1855 3387.000000 932.200012
1856 3417.199951 982.599976
1857 3421.000000 967.000000
1858 3450.000000 957.200012
1859 3413.300049 907.099976
1860 3401.000000 886.000000
1861 3433.000000 895.000000
1862 3368.000000 883.000000
1863 3364.000000 908.799988
1864 3412.000000 834.000000
1865 3458.000000 924.000000
1866 3456.000000 865.000000
1867 3498.000000 883.000000
1868 3493.000000 787.000000
1869 3494.000000 819.000000
1870 3458.000000 779.000000
1871 3546.000000 846.900024
1872 3584.000000 920.000000
1873 3533.000000 914.000000
1874 3485.000000 924.400024
1875 3469.000000 950.000000
1876 2431.000000 1004.000000
1877 2567.000000 950.000000
1878 2579.000000 959.000000
1879 2587.000000 927.000000
1880 2613.000000 943.000000
1881 2650.600098 941.500000
1882 2663.000000 927.000000
1883 2667.000000 900.000000
1884 2614.399902 885.000000
1885 2622.000000 913.000000
1886 2632.000000 895.000000
1887 2646.000000 865.000000
1888 2671.300049 838.400024
1889 2648.000000 886.000000
1890 2663.000000 872.000000
1891 2679.000000 853.000000
1892 2736.000000 852.200012
1893 2702.000000 848.000000
1894 2755.000000 849.000000
1895 2722.000000 871.000000
1896 2696.000000 875.000000
1897 2746.000000 871.000000
1898 2728.000000 909.000000
1899 2755.000000 900.000000
1900 2702.199951 902.000000
1901 2785.000000 953.000000
1902 2776.000000 983.000000
1903 2807.000000 981.000000
1904 2824.100098 952.500000
1905 2750.000000 937.000000
1906 2729.000000 941.000000
1907 2813.000000 860.000000
1908 2791.500000 845.599976
1909 2773.000000 845.000000
1910 2781.000000 865.000000
1911 2783.000000 889.000000
1912 2775.399902 921.400024
1913 2796.000000 912.000000
1914 2827.000000 865.000000
1915 2812.000000 884.000000
1916 2807.000000 921.000000
1917 2824.000000 881.000000
1918 2821.000000 912.000000
1919 2842.000000 870.000000
1920 2840.300049 881.599976
1921 2854.000000 929.000000
1922 2835.000000 924.000000
1923 2866.000000 867.000000
1924 2857.000000 874.099976
1925 2866.000000 891.000000
1926 2876.000000 875.000000
1927 2882.000000 902.000000
1928 2895.000000 866.000000
1929 2894.300049 879.900024
1930 2912.300049 878.200012
1931 2899.000000 843.900024
1932 2912.000000 841.000000
1933 2915.000000 856.000000
1934 2933.899902 841.599976
1935 2929.000000 864.000000
1936 2941.000000 878.000000
1937 2975.000000 882.000000
1938 2871.000000 920.000000
1939 2929.000000 926.000000
1940 2897.000000 915.000000
1941 2926.000000 900.000000
1942 2956.000000 933.000000
1943 2955.000000 904.000000
1944 2983.000000 927.000000
1945 2940.300049 949.099976
1946 2870.000000 954.000000
1947 2924.000000 957.000000
1948 2898.000000 963.000000
1949 2958.000000 957.099976
1950 2993.000000 908.000000
1951 3010.000000 959.000000
1952 2983.000000 962.000000
1953 3022.000000 948.000000
1954 2909.000000 766.000000
1955 2940.500000 809.599976
1956 2962.000000 829.000000
1957 2949.000000 834.000000
1958 2964.899902 805.099976
1959 2985.000000 818.000000
1960 2986.000000 847.000000
1961 2960.300049 855.500000
1962 3029.000000 812.400024
1963 3016.000000 870.000000
1964 3031.000000 929.000000
1965 3095.000000 849.000000
1966 3056.800049 828.000000
1967 3056.000000 869.000000
1968 3095.000000 877.000000
1969 3195.000000 866.000000
1970 3148.000000 856.000000
1971 3144.000000 904.000000
1972 2959.000000 758.000000
1973 2970.000000 790.000000
1974 2972.000000 729.000000
1975 2994.000000 744.000000
1976 3002.000000 772.000000
1977 3047.000000 704.000000
1978 3013.899902 699.500000
1979 1907.000000 1000.000000
1980 3047.000000 740.000000
1981 3063.000000 782.000000
1982 3047.000000 683.000000
1983 3016.000000 682.000000
1984 3147.000000 673.000000
1985 3092.000000 676.000000
1986 3188.000000 681.000000
1987 3233.300049 594.099976
1988 3179.000000 614.000000
1989 3239.000000 662.000000
1990 3225.000000 697.000000
1991 3245.000000 715.000000
1992 3183.000000 740.299988
1993 3114.000000 750.000000
1994 3135.000000 712.000000
1995 3129.000000 812.000000
1996 3208.000000 782.000000
1997 3253.000000 801.000000
1998 3221.000000 834.000000
1999 3022.000000 611.000000
2000 2999.000000 684.000000
2001 3041.000000 655.000000
2002 3045.000000 601.000000
2003 3026.000000 564.000000
2004 3004.000000 516.000000
2005 3038.000000 532.000000
2006 3081.000000 550.000000
2007 3127.000000 511.000000
2008 3070.000000 502.000000
2009 3077.000000 609.000000
2010 3120.000000 623.000000
2011 3135.000000 575.000000
2012 3246.000000 520.000000
2013 3181.000000 516.000000
2014 3202.000000 556.000000
2015 3222.000000 496.000000
2016 3285.000000 579.000000
2017 3292.000000 605.000000
2018 3311.000000 549.000000
2019 3307.000000 776.000000
2020 3283.000000 756.000000
2021 3306.000000 804.000000
2022 3335.000000 808.000000
2023 3334.000000 782.000000
2024 3390.000000 762.000000
2025 3396.000000 800.000000
2026 3363.399902 794.000000
2027 3377.000000 733.000000
2028 3354.000000 756.000000
2029 3421.000000 702.000000
2030 3436.000000 727.000000
2031 3433.000000 802.000000
2032 3422.000000 751.000000
2033 3410.000000 706.000000
2034 3276.000000 732.000000
2035 3272.699951 706.599976
2036 3416.000000 655.000000
2037 3404.000000 693.000000
2038 3419.000000 622.000000
2039 3427.000000 600.000000
2040 3363.000000 598.000000
2041 3399.000000 604.000000
2042 3342.000000 636.000000
2043 3317.000000 689.000000
2044 3332.000000 719.000000
2045 3381.000000 661.000000
2046 3298.000000 651.200012
2047 3375.000000 706.000000
2048 3420.000000 663.000000
2049 3310.000000 340.000000
2050 3318.000000 382.000000
2051 3346.000000 390.000000
2052 3324.000000 425.000000
2053 3351.000000 483.000000
2054 3332.000000 519.000000
2055 3312.000000 506.000000
2056 3298.000000 521.000000
2057 3347.000000 452.000000
2058 3332.000000 471.000000
2059 3371.000000 472.000000
2060 3435.399902 524.700012
2061 3409.500000 491.299988
2062 4520.000000 1345.000000
2063 3417.000000 562.000000
2064 3404.000000 512.599976
2065 3371.000000 498.000000
2066 3357.000000 515.000000
2067 3331.000000 559.000000
2068 3280.600098 464.700012
2069 3275.000000 449.000000
2070 3305.000000 458.000000
2071 3250.000000 431.000000
2072 3237.000000 465.000000
2073 3290.000000 419.000000
2074 3189.000000 358.000000
2075 3223.000000 410.000000
2076 3168.199951 425.799988
2077 3151.000000 373.000000
2078 3072.000000 401.000000
2079 3027.000000 438.000000
2080 3066.000000 456.000000
2081 3177.000000 477.000000
2082 3111.000000 432.000000
2083 3038.000000 391.000000
2084 3054.000000 344.000000
2085 3092.000000 362.000000
2086 3100.000000 312.000000
2087 3097.000000 225.000000
2088 3098.000000 269.299988
2089 3120.899902 211.600006
2090 3124.899902 192.100006
2091 3155.000000 208.000000
2092 3161.000000 229.000000
2093 3130.000000 255.000000
2094 3175.000000 295.000000
2095 3165.000000 321.000000
2096 3200.000000 216.000000
2097 3200.800049 236.600006
2098 3233.000000 221.000000
2099 3230.000000 243.000000
2100 3257.000000 249.000000
2101 3213.000000 287.000000
2102 3245.000000 307.000000
2103 3211.500000 264.100006
2104 3247.000000 271.100006
2105 3253.000000 349.000000
2106 3242.000000 333.000000
2107 3219.000000 337.000000
2108 3252.000000 374.000000
2109 3274.000000 335.000000
2110 3291.000000 376.000000
2111 3278.000000 271.000000
2112 3273.000000 294.000000
2113 3297.000000 306.000000
2114 3297.000000 331.000000
2115 3541.000000 465.000000
2116 3534.000000 415.000000
2117 3514.000000 371.000000
2118 3545.000000 387.000000
2119 3564.000000 454.000000
2120 3573.000000 530.000000
2121 3537.000000 507.000000
2122 3509.000000 438.000000
2123 3482.000000 577.000000
2124 3511.000000 556.000000
2125 3710.399902 441.000000
2126 3670.000000 421.700012
2127 3673.000000 688.000000
2128 3929.000000 681.000000
2129 2722.600098 497.000000
2130 2585.000000 640.000000
2131 1883.000000 74.000000
2132 2574.000000 328.000000
2133 2239.000000 26.000000
2134 2407.000000 1395.000000
2135 2541.000000 1302.000000
2136 2563.000000 1218.000000
2137 1074.300049 1438.800049
2138 1065.000000 1369.000000
2139 1003.000000 1467.000000
2140 1065.000000 1469.000000
2141 1096.000000 1410.000000
2142 1133.000000 1434.000000
2143 1146.900024 1453.800049
2144 1177.000000 1427.000000
2145 1142.000000 1400.000000
2146 1244.900024 1369.199951
2147 1230.000000 1420.000000
2148 1257.800049 1379.199951
2149 1274.000000 1367.000000
2150 1266.800049 1338.599976
2151 1235.000000 1367.000000
2152 1205.000000 1408.000000
2153 1165.900024 1342.699951
2154 1170.000000 1377.000000
2155 1211.000000 1363.000000
2156 1144.699951 1339.199951
2157 1121.000000 1378.000000
2158 1199.000000 1338.000000
2159 1235.000000 1326.000000
2160 1203.000000 1305.000000
2161 1173.000000 1318.000000
2162 1297.000000 1273.000000
2163 1270.000000 1313.000000
2164 1325.000000 1247.000000
2165 1357.000000 1248.000000
2166 1202.000000 1287.000000
2167 1224.000000 1298.000000
2168 1171.000000 1290.000000
2169 1189.000000 1273.000000
2170 1225.000000 1268.000000
2171 1210.000000 1256.000000
2172 1258.099976 1259.699951
2173 1248.000000 1293.000000
2174 1247.000000 1270.000000
2175 1274.000000 1278.000000
2176 1278.000000 1259.000000
2177 1296.000000 1238.000000
2178 1302.000000 1219.000000
2179 1261.000000 1232.000000
2180 1252.000000 1247.000000
2181 1364.000000 1230.000000
2182 1354.000000 1213.000000
2183 1417.000000 1295.000000
2184 1387.000000 1260.000000
2185 1420.000000 1267.000000
2186 1397.000000 1188.000000
2187 1378.000000 1201.000000
2188 1407.000000 1206.000000
2189 1401.000000 1233.000000
2190 1421.000000 1231.000000
2191 1412.000000 1178.000000
2192 1427.900024 1172.400024
2193 1446.000000 1186.000000
2194 1423.000000 1194.000000
2195 1461.000000 1200.000000
2196 1488.000000 1200.000000
2197 1469.000000 1162.000000
2198 1483.000000 1145.000000
2199 1459.000000 1172.000000
2200 1491.000000 1178.000000
2201 1501.000000 1105.000000
2202 1481.000000 1126.000000
2203 1504.000000 1117.000000
2204 1572.000000 1105.000000
2205 1528.000000 1094.000000
2206 1551.000000 1095.000000
2207 4513.000000 1516.000000
2208 1587.000000 1094.000000
2209 1502.000000 1323.000000
2210 1553.000000 1322.000000
2211 1593.000000 1302.000000
2212 1622.000000 1287.000000
2213 1679.000000 1255.000000
2214 1724.099976 1256.699951
2215 1679.000000 1267.000000
2216 1698.000000 1264.000000
2217 1599.000000 1245.800049
2218 1537.000000 1268.000000
2219 1588.000000 1359.000000
2220 1682.000000 1311.000000
2221 4662.000000 1293.000000
2222 1768.000000 1250.000000
2223 1795.000000 1242.000000
2224 1842.000000 1231.000000
2225 1834.500000 1219.500000
2226 1800.000000 1248.099976
2227 1820.199951 1229.599976
2228 1840.400024 1189.300049
2229 1877.000000 1159.000000
2230 1848.000000 1217.000000
2231 1843.900024 1176.699951
2232 1838.199951 1201.699951
2233 1843.000000 1141.099976
2234 1739.000000 1152.000000
2235 1713.000000 1157.000000
2236 1822.000000 1240.000000
2237 1850.000000 1122.000000
2238 1860.000000 1136.000000
2239 1900.000000 1046.000000
2240 1939.000000 1043.099976
2241 1975.000000 1040.000000
2242 1880.000000 1033.000000
2243 1877.000000 1075.000000
2244 4458.000000 584.700012
2245 1932.000000 1024.000000
2246 1977.000000 1017.000000
2247 1648.000000 1037.000000
2248 1633.000000 1017.700012
2249 1665.000000 1048.000000
2250 1626.099976 1039.900024
2251 1664.000000 1073.000000
2252 1630.000000 1069.000000
2253 1608.000000 1048.000000
2254 1629.000000 1096.000000
2255 1653.000000 1118.000000
2256 1618.000000 1022.000000
2257 1615.000000 996.000000
2258 1584.000000 991.000000
2259 1598.000000 978.000000
2260 1665.000000 981.700012
2261 1705.000000 976.000000
2262 1716.000000 1039.000000
2263 1678.000000 937.000000
2264 1764.000000 1119.000000
2265 1733.000000 1104.000000
2266 1782.000000 1097.000000
2267 1796.000000 1110.199951
2268 1738.300049 1118.699951
2269 1816.000000 1121.000000
2270 1677.000000 1109.000000
2271 1692.000000 1091.000000
2272 1717.000000 1135.000000
2273 1714.000000 1119.000000
2274 1731.000000 1076.000000
2275 1825.000000 1059.000000
2276 1834.000000 1107.000000
2277 1777.699951 1026.400024
2278 1780.000000 993.000000
2279 1575.000000 941.000000
2280 1558.000000 930.000000
2281 1557.000000 951.000000
2282 1565.000000 892.000000
2283 1579.000000 901.000000
2284 1606.000000 942.000000
2285 1395.000000 945.000000
2286 1646.000000 866.000000
2287 1597.000000 878.000000
2288 1630.000000 900.000000
2289 1683.000000 911.000000
2290 1609.000000 834.000000
2291 1554.000000 875.000000
2292 1578.000000 832.000000
2293 1625.000000 799.000000
2294 1597.000000 863.000000
2295 1619.000000 760.000000
2296 1636.000000 769.000000
2297 1634.000000 719.000000
2298 1599.000000 796.000000
2299 1656.000000 731.000000
2300 1659.000000 804.000000
2301 1704.000000 771.000000
2302 1680.000000 746.000000
2303 1713.000000 723.000000
2304 1685.000000 700.000000
2305 1730.000000 570.000000
2306 2044.699951 573.099976
2307 1723.000000 627.000000
2308 1720.000000 655.000000
2309 1726.000000 601.000000
2310 1744.000000 703.000000
2311 1782.000000 683.000000
2312 1750.000000 659.000000
2313 1802.000000 637.000000
2314 1763.000000 620.000000
2315 1811.000000 604.400024
2316 1816.000000 684.000000
2317 1838.000000 710.000000
2318 1859.000000 651.099976
2319 1775.000000 727.000000
2320 1805.000000 753.000000
2321 1751.000000 771.000000
2322 1716.000000 511.000000
2323 1700.000000 460.000000
2324 1705.699951 397.000000
2325 1689.699951 389.799988
2326 1698.000000 428.000000
2327 1694.000000 358.000000
2328 1676.000000 295.000000
2329 1678.000000 317.000000
2330 1675.599976 353.799988
2331 1684.000000 339.000000
2332 1671.000000 270.000000
2333 1669.000000 146.000000
2334 1681.000000 74.000000
2335 1727.000000 45.000000
2336 1098.000000 512.000000
2337 1882.000000 572.000000
2338 1867.000000 600.900024
2339 1914.000000 540.000000
2340 1910.000000 518.000000
2341 1938.099976 526.599976
2342 1931.300049 559.700012
2343 1921.000000 589.000000
2344 1933.000000 385.000000
2345 1922.000000 421.000000
2346 1918.000000 453.000000
2347 1958.000000 408.000000
2348 1890.000000 379.000000
2349 1866.000000 384.500000
2350 1868.000000 351.000000
2351 1903.800049 340.000000
2352 1882.000000 322.000000
2353 1831.500000 341.700012
2354 1842.000000 317.000000
2355 1826.000000 289.000000
2356 1895.000000 498.000000
2357 1892.000000 472.000000
2358 1919.000000 494.000000
2359 1888.199951 422.000000
2360 1870.000000 417.000000
2361 1854.000000 443.000000
2362 1860.000000 482.000000
2363 1846.000000 398.600006
2364 1874.900024 513.200012
2365 1849.000000 529.000000
2366 1884.000000 543.000000
2367 1851.099976 561.900024
2368 1779.000000 554.000000
2369 1790.599976 562.700012
2370 1772.300049 584.400024
2371 1799.500000 580.500000
2372 1819.000000 574.000000
2373 1789.599976 514.200012
2374 1776.000000 498.000000
2375 1748.000000 522.000000
2376 1800.000000 507.000000
2377 1829.000000 515.000000
2378 1814.000000 483.000000
2379 1797.000000 451.000000
2380 1827.000000 441.500000
2381 1811.000000 420.000000
2382 1809.000000 394.000000
2383 1775.000000 418.000000
2384 1778.000000 380.000000
2385 1748.000000 484.000000
2386 1771.000000 454.000000
2387 1742.000000 442.000000
2388 1728.000000 464.000000
2389 1735.000000 416.000000
2390 1737.000000 369.000000
2391 1716.000000 314.000000
2392 1770.000000 266.000000
2393 1797.000000 329.000000
2394 1729.000000 264.700012
2395 1763.000000 320.000000
2396 1759.000000 237.000000
2397 1719.000000 209.000000
2398 1728.000000 156.000000
2399 1699.000000 114.000000
2400 1750.000000 32.000000
2401 1747.000000 947.000000
2402 1879.000000 920.000000
2403 1818.000000 933.000000
2404 1779.000000 850.000000
2405 1869.000000 853.000000
2406 4306.000000 528.000000
2407 1709.000000 866.000000
2408 1932.000000 978.000000
2409 1852.000000 1167.000000
2410 2054.000000 913.000000
2411 1956.000000 912.000000
2412 1946.000000 935.000000
2413 2003.000000 848.000000
2414 1994.000000 989.000000
2415 1993.000000 960.000000
2416 1947.599976 601.200012
2417 1905.000000 749.000000
2418 1974.000000 722.799988
2419 1955.000000 633.400024
2420 1951.000000 587.000000
2421 2026.000000 668.799988
2422 2042.000000 727.000000
2423 2052.000000 795.000000
2424 2112.000000 901.000000
2425 2094.000000 866.000000
2426 2151.000000 889.000000
2427 2131.000000 819.799988
2428 2240.000000 842.000000
2429 2189.000000 890.000000
2430 2190.000000 855.000000
2431 2237.000000 867.000000
2432 2237.000000 822.000000
2433 2193.000000 827.000000
2434 2235.000000 803.000000
2435 2221.000000 786.000000
2436 2201.000000 769.000000
2437 2149.000000 795.000000
2438 2103.000000 759.000000
2439 2185.000000 685.000000
2440 2161.000000 735.000000
2441 2141.000000 629.000000
2442 2115.000000 635.000000
2443 2143.000000 678.599976
2444 2089.000000 690.000000
2445 2054.000000 649.000000
2446 2093.000000 602.000000
2447 2132.000000 592.000000
2448 2155.000000 604.000000
2449 2174.000000 641.000000
2450 2072.000000 577.000000
2451 2098.000000 584.000000
2452 2063.000000 599.000000
2453 2011.000000 601.000000
2454 5583.000000 479.000000
2455 2059.000000 561.000000
2456 2027.000000 625.000000
2457 2039.000000 546.000000
2458 1982.000000 555.000000
2459 2017.000000 513.000000
2460 2014.000000 570.000000
2461 2038.000000 503.000000
2462 1983.000000 523.000000
2463 2014.000000 472.000000
2464 1981.000000 434.000000
2465 1981.000000 496.000000
2466 1953.000000 471.000000
2467 1942.000000 456.000000
2468 5158.000000 195.000000
2469 5170.000000 229.000000
2470 5181.000000 270.000000
2471 5144.000000 212.000000
2472 5135.000000 167.000000
2473 5092.000000 192.000000
2474 5131.000000 254.000000
2475 5044.000000 252.000000
2476 5072.000000 138.000000
2477 5031.000000 130.000000
2478 5049.000000 148.000000
2479 5105.000000 135.000000
2480 5095.000000 154.000000
2481 5025.000000 166.000000
2482 5096.000000 52.000000
2483 5186.200195 312.000000
2484 5172.000000 358.000000
2485 5125.000000 376.000000
2486 5160.000000 317.000000
2487 5092.000000 436.000000
2488 5047.000000 503.000000
2489 5030.000000 367.000000
2490 5075.000000 327.000000
2491 4981.000000 201.000000
2492 4929.000000 211.000000
2493 4994.000000 165.000000
2494 4970.000000 225.000000
2495 4961.000000 286.000000
2496 4874.000000 275.000000
2497 4630.000000 236.000000
2498 4653.000000 206.000000
2499 4623.000000 272.000000
2500 4694.000000 259.000000
2501 4773.000000 485.000000
2502 4643.000000 328.000000
2503 4763.000000 303.000000
2504 4761.000000 245.000000
2505 4885.000000 538.000000
2506 4919.000000 475.000000
2507 4889.000000 361.100006
2508 5431.899902 285.899994
2509 5523.000000 208.000000
2510 5533.000000 139.000000
2511 5566.000000 141.000000
2512 5548.000000 115.000000
2513 5451.000000 25.000000
2514 5450.000000 51.000000
2515 5479.000000 59.000000
2516 5509.000000 95.000000
2517 5063.500000 978.700012
2518 4906.000000 884.000000
2519 4989.000000 922.000000
2520 17.000000 477.000000
2521 5082.000000 1059.000000
2522 5419.000000 910.000000
2523 5410.000000 755.000000
2524 5406.700195 1074.300049
2525 5211.000000 1153.000000
2526 275.000000 864.000000
2527 5525.000000 753.000000
2528 5115.000000 617.000000
2529 5034.000000 656.000000
2530 5089.000000 663.000000
2531 5046.000000 698.000000
2532 1843.000000 1008.000000
2533 3193.600098 1555.699951
2534 5308.000000 609.000000
2535 5421.000000 498.000000
2536 5398.000000 590.000000
2537 5161.000000 670.000000
2538 3111.000000 1543.000000
2539 5223.000000 671.000000
2540 76.000000 420.000000
2541 5601.000000 625.000000
2542 28.000000 534.000000
2543 117.000000 546.000000
2544 158.000000 538.000000
2545 314.000000 461.000000
2546 296.000000 598.000000
2547 126.000000 617.000000
2548 157.000000 450.899994
2549 1719.000000 807.000000
2550 1825.000000 777.000000
2551 639.000000 607.000000
2552 806.000000 363.000000
2553 608.000000 470.000000
2554 1958.000000 522.000000
2555 1515.000000 1511.000000
2556 1523.000000 1548.000000
2557 2948.000000 1753.000000
2558 3175.000000 261.000000
2559 3304.000000 1204.000000
2560 2943.000000 1624.000000
2561 2921.000000 1649.000000
2562 4692.000000 1139.000000
2563 2670.000000 1299.000000
2564 3238.000000 1099.000000
2565 4744.000000 918.000000
2566 4253.000000 1151.000000
2567 3021.000000 1464.000000
2568 2944.000000 1553.800049
2569 3100.000000 1494.000000
2570 2840.699951 1614.599976
2571 5557.000000 158.000000
2572 4370.000000 1067.000000
2573 2548.000000 1002.000000
2574 3211.000000 381.000000
2575 4382.000000 833.000000
2576 4494.000000 821.000000
2577 3113.199951 1492.300049
2578 1709.000000 673.000000
2579 5176.000000 881.000000
2580 3309.000000 1845.000000
2581 3376.000000 557.000000
2582 3099.000000 1481.000000
2583 3106.000000 1486.000000
2584 3103.000000 1621.500000
2585 3137.000000 1125.000000
2586 3626.000000 1101.800049
2587 3375.000000 2061.000000
2588 3405.000000 1937.000000
2589 3511.000000 2051.000000
2590 5542.000000 2116.000000
2591 2050.000000 2089.000000
2592 1655.000000 2053.399902
2593 1635.000000 1913.000000
2594 1395.000000 1897.000000
2595 1335.000000 2125.000000
2596 1126.000000 2070.000000
2597 980.000000 1972.599976
2598 873.000000 2089.000000
2599 477.000000 2149.000000
2600 1937.000000 849.000000
2601 4761.000000 419.000000
2602 4648.000000 402.000000
2603 4863.000000 439.000000
2604 5013.000000 440.000000
2605 4766.000000 359.000000
2606 3956.000000 1599.000000
2607 4184.000000 1411.000000
2608 4288.000000 1603.000000
2609 2764.000000 1069.000000
2610 3611.000000 1644.000000
2611 3801.000000 1657.000000
2612 3850.000000 1584.000000
2613 4010.000000 2020.000000
2614 3900.000000 2112.000000
2615 4109.000000 2048.000000
2616 5420.000000 1933.000000
2617 4906.000000 1630.000000
2618 5171.000000 1860.000000
2619 4978.000000 2057.800049
2620 5168.000000 1978.000000
2621 5083.000000 2066.000000
2622 5323.000000 2051.000000
2623 42.000000 1228.000000
2624 2994.000000 696.000000
2625 1866.000000 1887.000000
2626 1652.000000 1974.800049
2627 1764.000000 1983.000000
2628 1474.000000 1873.000000
2629 877.000000 2031.000000
2630 560.000000 2082.000000
2631 294.000000 2121.000000
2632 2159.000000 2086.000000
2633 5302.000000 1801.000000
2634 5483.000000 1998.000000
2635 3281.000000 497.000000
2636 2075.600098 2125.000000
2637 5560.000000 2060.000000
2638 5241.000000 1945.000000
2639 5100.000000 1887.000000
2640 5092.000000 1970.000000
2641 4930.000000 1820.000000
2642 4990.000000 1921.000000
2643 4988.000000 2004.000000
2644 4723.000000 1836.000000
2645 4631.000000 1781.699951
2646 4081.000000 1852.000000
2647 4881.000000 2083.000000
2648 4861.000000 1901.599976
2649 4705.000000 2007.000000
2650 4579.000000 1882.000000
2651 4547.000000 2002.000000
2652 4735.000000 2117.000000
2653 4493.000000 2088.500000
2654 4325.000000 2103.000000
2655 4374.000000 1978.000000
2656 4341.000000 1843.000000
2657 4212.000000 2022.000000
2658 4236.000000 2118.000000
2659 4028.000000 2115.000000
2660 5229.000000 2049.000000
2661 5327.000000 2130.000000
2662 5229.000000 2133.000000
2663 5388.000000 1995.000000
2664 5111.000000 2130.000000
2665 4961.000000 2123.000000
2666 5429.000000 2094.000000
2667 4801.000000 2097.000000
2668 4891.000000 1994.000000
2669 4846.000000 1855.000000
2670 4660.000000 2111.000000
2671 4643.000000 1961.099976
2672 4752.000000 1913.000000
2673 4571.000000 2083.000000
2674 4407.000000 2087.000000
2675 4451.000000 1994.000000
2676 4550.000000 1733.099976
2677 4459.000000 1818.000000
2678 4375.000000 1620.000000
2679 4246.000000 1569.000000
2680 4153.000000 2121.000000
2681 4096.000000 1933.000000
2682 3897.000000 1962.000000
2683 4049.000000 1790.000000
2684 3905.000000 2045.000000
2685 3794.000000 1948.000000
2686 3922.000000 1770.000000
2687 3806.000000 2060.000000
2688 3727.000000 2018.000000
2689 3717.000000 1948.000000
2690 3931.000000 1901.000000
2691 4176.000000 1865.000000
2692 4192.000000 1941.000000
2693 4296.000000 1999.000000
2694 4424.000000 1860.000000
2695 4529.000000 1857.000000
2696 4742.000000 1765.900024
2697 4808.000000 1717.000000
2698 4074.000000 1679.000000
2699 3661.000000 1966.300049
2700 3637.000000 1905.000000
2701 4334.000000 1898.000000
2702 3752.000000 1586.000000
3246 2675.000000 2124.000000